2018	7	21	14	55	2.534344e+01	
2018	7	21	14	55	3.556294e+01	
2018	7	21	14	55	4.558502e+01	
2018	7	21	14	55	5.560859e+01	
2018	7	21	14	56	5.622423e+00	
2018	7	21	14	56	1.563280e+01	
2018	7	21	14	56	2.563905e+01	
2018	7	21	14	56	3.564287e+01	
2018	7	21	14	56	4.565508e+01	
2018	7	21	14	56	5.567688e+01	
2018	7	21	14	57	5.687094e+00	
2018	7	21	14	57	1.570754e+01	
2018	7	21	14	57	2.571753e+01	
2018	7	21	14	57	3.574636e+01	
2018	7	21	14	57	4.575313e+01	
2018	7	21	14	57	5.577889e+01	
2018	7	21	14	58	5.801046e+00	
2018	7	21	14	58	1.582668e+01	
2018	7	21	14	58	2.583736e+01	
2018	7	21	14	58	3.586689e+01	
2018	7	21	14	58	4.588478e+01	
2018	7	21	14	58	5.590868e+01	
2018	7	21	14	59	5.925059e+00	
2018	7	21	14	59	1.593459e+01	
2018	7	21	14	59	2.595350e+01	
2018	7	21	14	59	3.597859e+01	
2018	7	21	14	59	4.600030e+01	
2018	7	21	14	59	5.602097e+01	
2018	7	21	15	0	6.033781e+00	
2018	7	21	15	0	1.604824e+01	
2018	7	21	15	0	2.606363e+01	
2018	7	21	15	0	3.608590e+01	
2018	7	21	15	0	4.611724e+01	
2018	7	21	15	0	5.614421e+01	
2018	7	21	15	1	6.161947e+00	
2018	7	21	15	1	1.618789e+01	
2018	7	21	15	1	2.620414e+01	
2018	7	21	15	1	3.622993e+01	
2018	7	21	15	1	4.624074e+01	
2018	7	21	15	1	5.625655e+01	
2018	7	21	15	2	6.266503e+00	
2018	7	21	15	2	1.630167e+01	
2018	7	21	15	2	2.632646e+01	
2018	7	21	15	2	3.635399e+01	
2018	7	21	15	2	4.637730e+01	
2018	7	21	15	2	5.639278e+01	
2018	7	21	15	3	6.407350e+00	
2018	7	21	15	3	1.643281e+01	
2018	7	21	15	3	2.645777e+01	
2018	7	21	15	3	3.647099e+01	
2018	7	21	15	3	4.649109e+01	
2018	7	21	15	3	5.652261e+01	
2018	7	21	15	4	6.545421e+00	
2018	7	21	15	4	1.657069e+01	
2018	7	21	15	4	2.659005e+01	
2018	7	21	15	4	3.660700e+01	
2018	7	21	15	4	4.662218e+01	
2018	7	21	15	4	5.664388e+01	
2018	7	21	15	5	6.660883e+00	
2018	7	21	15	5	1.667780e+01	
2018	7	21	15	5	2.669490e+01	
2018	7	21	15	5	3.671383e+01	
2018	7	21	15	5	4.672969e+01	
2018	7	21	15	5	5.675706e+01	
2018	7	21	15	6	6.771385e+00	
2018	7	21	15	6	1.678686e+01	
2018	7	21	15	6	2.680067e+01	
2018	7	21	15	6	3.682304e+01	
2018	7	21	15	6	4.684263e+01	
2018	7	21	15	6	5.686278e+01	
2018	7	21	15	7	6.888403e+00	
2018	7	21	15	7	1.691682e+01	
2018	7	21	15	7	2.693026e+01	
2018	7	21	15	7	3.694811e+01	
2018	7	21	15	7	4.698784e+01	
2018	7	21	15	7	5.702748e+01	
2018	7	21	15	8	7.063637e+00	
2018	7	21	15	8	1.710589e+01	
2018	7	21	15	8	2.713862e+01	
2018	7	21	15	8	3.716003e+01	
2018	7	21	15	8	4.720286e+01	
2018	7	21	15	8	5.723412e+01	
2018	7	21	15	9	7.251717e+00	
2018	7	21	15	9	1.729205e+01	
2018	7	21	15	9	2.731704e+01	
2018	7	21	15	9	3.735710e+01	
2018	7	21	15	9	4.739514e+01	
2018	7	21	15	9	5.741473e+01	
2018	7	21	15	10	7.446023e+00	
2018	7	21	15	10	1.748612e+01	
2018	7	21	15	10	2.752056e+01	
2018	7	21	15	10	3.754795e+01	
2018	7	21	15	10	4.758808e+01	
2018	7	21	15	10	5.761825e+01	
2018	7	21	15	11	7.657832e+00	
2018	7	21	15	11	1.771305e+01	
2018	7	21	15	11	2.774526e+01	
2018	7	21	15	11	3.777919e+01	
2018	7	21	15	11	4.780345e+01	
2018	7	21	15	11	5.782035e+01	
2018	7	21	15	12	7.840255e+00	
2018	7	21	15	12	1.786086e+01	
2018	7	21	15	12	2.789200e+01	
2018	7	21	15	12	3.790955e+01	
2018	7	21	15	12	4.794615e+01	
2018	7	21	15	12	5.797806e+01	
2018	7	21	15	13	7.998649e+00	
2018	7	21	15	13	1.803589e+01	
2018	7	21	15	13	2.805478e+01	
2018	7	21	15	13	3.809149e+01	
2018	7	21	15	13	4.811564e+01	
2018	7	21	15	13	5.813872e+01	
2018	7	21	15	14	8.178208e+00	
2018	7	21	15	14	1.820958e+01	
2018	7	21	15	14	2.823872e+01	
2018	7	21	15	14	3.825903e+01	
2018	7	21	15	14	4.829503e+01	
2018	7	21	15	14	5.832323e+01	
2018	7	21	15	15	8.350896e+00	
2018	7	21	15	15	1.838808e+01	
2018	7	21	15	15	2.842691e+01	
2018	7	21	15	15	3.845687e+01	
2018	7	21	15	15	4.847706e+01	
2018	7	21	15	15	5.850124e+01	
2018	7	21	15	16	8.537661e+00	
2018	7	21	15	16	1.856593e+01	
2018	7	21	15	16	2.860251e+01	
2018	7	21	15	16	3.862459e+01	
2018	7	21	15	16	4.865389e+01	
2018	7	21	15	16	5.868765e+01	
2018	7	21	15	17	8.713676e+00	
2018	7	21	15	17	1.874203e+01	
2018	7	21	15	17	2.876516e+01	
2018	7	21	15	17	3.879395e+01	
2018	7	21	15	17	4.882643e+01	
2018	7	21	15	17	5.884959e+01	
2018	7	21	15	18	8.886563e+00	
2018	7	21	15	18	1.891595e+01	
2018	7	21	15	18	2.894091e+01	
2018	7	21	15	18	3.897777e+01	
2018	7	21	15	18	4.901204e+01	
2018	7	21	15	18	5.904890e+01	
2018	7	21	15	19	9.078256e+00	
2018	7	21	15	19	1.911004e+01	
2018	7	21	15	19	2.914312e+01	
2018	7	21	15	19	3.917703e+01	
2018	7	21	15	19	4.921587e+01	
2018	7	21	15	19	5.924046e+01	
2018	7	21	15	20	9.267762e+00	
2018	7	21	15	20	1.929759e+01	
2018	7	21	15	20	2.932727e+01	
2018	7	21	15	20	3.935431e+01	
2018	7	21	15	20	4.939122e+01	
2018	7	21	15	20	5.941868e+01	
2018	7	21	15	21	9.453611e+00	
2018	7	21	15	21	1.947956e+01	
2018	7	21	15	21	2.951740e+01	
2018	7	21	15	21	3.955477e+01	
2018	7	21	15	21	4.958642e+01	
2018	7	21	15	21	5.962824e+01	
2018	7	21	15	22	9.655246e+00	
2018	7	21	15	22	1.968389e+01	
2018	7	21	15	22	2.973677e+01	
2018	7	21	15	22	3.977299e+01	
2018	7	21	15	22	4.982110e+01	
2018	7	21	15	22	5.986910e+01	
2018	7	21	15	23	9.903472e+00	
2018	7	21	15	23	1.993599e+01	
2018	7	21	15	23	2.996780e+01	
2018	7	21	15	23	4.000471e+01	
2018	7	21	15	23	5.003479e+01	
2018	7	21	15	24	6.792500e-02	
2018	7	21	15	24	1.009742e+01	
2018	7	21	15	24	2.013811e+01	
2018	7	21	15	24	3.019115e+01	
2018	7	21	15	24	4.023955e+01	
2018	7	21	15	24	5.027464e+01	
2018	7	21	15	25	3.173040e-01	
2018	7	21	15	25	1.035578e+01	
2018	7	21	15	25	2.038831e+01	
2018	7	21	15	25	3.045871e+01	
2018	7	21	15	25	4.051071e+01	
2018	7	21	15	25	5.054738e+01	
2018	7	21	15	26	6.106580e-01	
2018	7	21	15	26	1.064439e+01	
2018	7	21	15	26	2.068623e+01	
2018	7	21	15	26	3.072650e+01	
2018	7	21	15	26	4.076116e+01	
2018	7	21	15	26	5.080978e+01	
2018	7	21	15	27	8.590690e-01	
2018	7	21	15	27	1.089665e+01	
2018	7	21	15	27	2.093163e+01	
2018	7	21	15	27	3.096514e+01	
2018	7	21	15	27	4.101612e+01	
2018	7	21	15	27	5.106709e+01	
2018	7	21	15	28	1.103237e+00	
2018	7	21	15	28	1.115909e+01	
2018	7	21	15	28	2.118992e+01	
2018	7	21	15	28	3.122845e+01	
2018	7	21	15	28	4.128263e+01	
2018	7	21	15	28	5.133465e+01	
2018	7	21	15	29	1.376434e+00	
2018	7	21	15	29	1.142600e+01	
2018	7	21	15	29	2.147681e+01	
2018	7	21	15	29	3.152338e+01	
2018	7	21	15	29	4.156015e+01	
2018	7	21	15	29	5.161291e+01	
2018	7	21	15	30	1.668405e+00	
2018	7	21	15	30	1.171847e+01	
2018	7	21	15	30	2.176335e+01	
2018	7	21	15	30	3.179956e+01	
2018	7	21	15	30	4.184810e+01	
2018	7	21	15	30	5.189804e+01	
2018	7	21	15	31	1.949806e+00	
2018	7	21	15	31	1.200419e+01	
2018	7	21	15	31	2.204151e+01	
2018	7	21	15	31	3.207668e+01	
2018	7	21	15	31	4.212149e+01	
2018	7	21	15	31	5.216914e+01	
2018	7	21	15	32	2.225943e+00	
2018	7	21	15	32	1.227385e+01	
2018	7	21	15	32	2.231266e+01	
2018	7	21	15	32	3.235638e+01	
2018	7	21	15	32	4.239763e+01	
2018	7	21	15	32	5.244497e+01	
2018	7	21	15	33	2.482177e+00	
2018	7	21	15	33	1.251966e+01	
2018	7	21	15	33	2.256203e+01	
2018	7	21	15	33	3.259924e+01	
2018	7	21	15	33	4.264864e+01	
2018	7	21	15	33	5.269698e+01	
2018	7	21	15	34	2.747669e+00	
2018	7	21	15	34	1.279742e+01	
2018	7	21	15	34	2.284416e+01	
2018	7	21	15	34	3.291757e+01	
2018	7	21	15	34	4.297344e+01	
2018	7	21	15	34	5.302379e+01	
2018	7	21	15	35	3.072252e+00	
2018	7	21	15	35	1.311306e+01	
2018	7	21	15	35	2.316509e+01	
2018	7	21	15	35	3.321101e+01	
2018	7	21	15	35	4.324835e+01	
2018	7	21	15	35	5.329468e+01	
2018	7	21	15	36	3.341525e+00	
2018	7	21	15	36	1.340273e+01	
2018	7	21	15	36	2.346323e+01	
2018	7	21	15	36	3.350684e+01	
2018	7	21	15	36	4.356103e+01	
2018	7	21	15	36	5.360898e+01	
2018	7	21	15	37	3.666740e+00	
2018	7	21	15	37	1.372209e+01	
2018	7	21	15	37	2.376885e+01	
2018	7	21	15	37	3.381054e+01	
2018	7	21	15	37	4.386131e+01	
2018	7	21	15	37	5.390483e+01	
2018	7	21	15	38	3.973495e+00	
2018	7	21	15	38	1.403119e+01	
2018	7	21	15	38	2.407900e+01	
2018	7	21	15	38	3.413397e+01	
2018	7	21	15	38	4.419725e+01	
2018	7	21	15	38	5.424682e+01	
2018	7	21	15	39	4.284154e+00	
2018	7	21	15	39	1.434240e+01	
2018	7	21	15	39	2.439839e+01	
2018	7	21	15	39	3.445512e+01	
2018	7	21	15	39	4.452331e+01	
2018	7	21	15	39	5.457026e+01	
2018	7	21	15	40	4.628089e+00	
2018	7	21	15	40	1.468509e+01	
2018	7	21	15	40	2.472905e+01	
2018	7	21	15	40	3.478334e+01	
2018	7	21	15	40	4.482944e+01	
2018	7	21	15	40	5.488260e+01	
2018	7	21	15	41	4.944929e+00	
2018	7	21	15	41	1.500303e+01	
2018	7	21	15	41	2.504898e+01	
2018	7	21	15	41	3.509594e+01	
2018	7	21	15	41	4.514067e+01	
2018	7	21	15	41	5.518758e+01	
2018	7	21	15	42	5.249743e+00	
2018	7	21	15	42	1.529919e+01	
2018	7	21	15	42	2.535398e+01	
2018	7	21	15	42	3.544275e+01	
2018	7	21	15	42	4.548454e+01	
2018	7	21	15	42	5.553760e+01	
2018	7	21	15	43	5.602533e+00	
2018	7	21	15	43	1.565478e+01	
2018	7	21	15	43	2.570593e+01	
2018	7	21	15	43	3.575762e+01	
2018	7	21	15	43	4.579743e+01	
2018	7	21	15	43	5.584199e+01	
2018	7	21	15	44	5.885561e+00	
2018	7	21	15	44	1.593390e+01	
2018	7	21	15	58	5.961324e+01	
2018	7	21	15	59	9.902978e+00	
2018	7	21	15	59	1.017695e+01	
2018	7	21	15	59	2.023860e+01	
2018	7	21	15	59	3.028713e+01	
2018	7	21	15	59	4.033832e+01	
2018	7	21	15	59	5.038896e+01	
2018	7	21	16	0	4.390100e-01	
2018	7	21	16	0	1.049122e+01	
2018	7	21	16	0	2.054614e+01	
2018	7	21	16	0	3.060481e+01	
2018	7	21	16	0	4.067069e+01	
2018	7	21	16	0	5.073470e+01	
2018	7	21	16	1	7.922580e-01	
2018	7	21	16	1	1.089105e+01	
2018	7	21	16	1	2.097141e+01	
2018	7	21	16	1	3.107763e+01	
2018	7	21	16	1	4.112349e+01	
2018	7	21	16	1	5.117924e+01	
2018	7	21	16	2	1.243528e+00	
2018	7	21	16	2	1.130054e+01	
2018	7	21	16	2	2.134939e+01	
2018	7	21	16	2	3.141384e+01	
2018	7	21	16	2	4.148675e+01	
2018	7	21	16	2	5.155375e+01	
2018	7	21	16	3	1.663905e+00	
2018	7	21	16	3	1.174415e+01	
2018	7	21	16	3	2.181122e+01	
2018	7	21	16	3	3.188608e+01	
2018	7	21	16	3	4.194932e+01	
2018	7	21	16	3	5.202099e+01	
2018	7	21	16	4	2.088760e+00	
2018	7	21	16	4	1.215573e+01	
2018	7	21	16	4	2.222146e+01	
2018	7	21	16	4	3.227469e+01	
2018	7	21	16	4	4.233091e+01	
2018	7	21	16	4	5.240495e+01	
2018	7	21	16	5	2.460360e+00	
2018	7	21	16	5	1.252279e+01	
2018	7	21	16	5	2.259474e+01	
2018	7	21	16	5	3.265332e+01	
2018	7	21	16	5	4.270689e+01	
2018	7	21	16	5	5.276938e+01	
2018	7	21	16	6	2.832846e+00	
2018	7	21	16	6	1.288381e+01	
2018	7	21	16	6	2.293845e+01	
2018	7	21	16	6	3.300382e+01	
2018	7	21	16	6	4.306464e+01	
2018	7	21	16	6	5.311615e+01	
2018	7	21	16	7	3.182896e+00	
2018	7	21	16	7	1.325573e+01	
2018	7	21	16	7	2.333246e+01	
2018	7	21	16	7	3.340879e+01	
2018	7	21	16	7	4.348974e+01	
2018	7	21	16	7	5.357712e+01	
2018	7	21	16	8	3.648026e+00	
2018	7	21	16	8	1.372289e+01	
2018	7	21	16	8	2.379816e+01	
2018	7	21	16	8	3.387211e+01	
2018	7	21	16	8	4.395889e+01	
2018	7	21	16	8	5.403630e+01	
2018	7	21	16	9	4.120712e+00	
2018	7	21	16	9	1.420420e+01	
2018	7	21	16	9	2.427527e+01	
2018	7	21	16	9	3.435597e+01	
2018	7	21	16	9	4.443298e+01	
2018	7	21	16	9	5.450320e+01	
2018	7	21	16	10	4.589401e+00	
2018	7	21	16	10	1.466764e+01	
2018	7	21	16	10	2.474718e+01	
2018	7	21	16	10	3.483488e+01	
2018	7	21	16	10	4.491041e+01	
2018	7	21	16	10	5.499382e+01	
2018	7	21	16	11	5.060521e+00	
2018	7	21	16	11	1.514104e+01	
2018	7	21	16	11	2.521740e+01	
2018	7	21	16	11	3.528814e+01	
2018	7	21	16	11	4.536536e+01	
2018	7	21	16	11	5.544109e+01	
2018	7	21	16	12	5.533388e+00	
2018	7	21	16	12	1.562345e+01	
2018	7	21	16	12	2.569150e+01	
2018	7	21	16	12	3.578704e+01	
2018	7	21	16	12	4.586783e+01	
2018	7	21	16	12	5.595231e+01	
2018	7	21	16	13	6.033997e+00	
2018	7	21	16	13	1.611393e+01	
2018	7	21	16	13	2.618808e+01	
2018	7	21	16	13	3.626893e+01	
2018	7	21	16	13	4.636034e+01	
2018	7	21	16	13	5.643725e+01	
2018	7	21	16	14	6.509920e+00	
2018	7	21	16	14	1.658838e+01	
2018	7	21	16	14	2.667877e+01	
2018	7	21	16	14	3.676032e+01	
2018	7	21	16	14	4.685063e+01	
2018	7	21	16	14	5.693747e+01	
2018	7	21	16	15	7.022693e+00	
2018	7	21	16	15	1.710067e+01	
2018	7	21	16	15	2.718158e+01	
2018	7	21	16	15	3.727016e+01	
2018	7	21	16	25	2.751647e+01	
2018	7	21	16	25	3.177491e+01	
2018	7	21	16	25	4.186413e+01	
2018	7	21	16	25	5.192078e+01	
2018	7	21	16	26	2.013217e+00	
2018	7	21	16	26	1.210036e+01	
2018	7	21	16	26	2.219461e+01	
2018	7	21	16	26	3.230929e+01	
2018	7	21	16	26	4.240198e+01	
2018	7	21	16	26	5.248677e+01	
2018	7	21	16	27	2.569930e+00	
2018	7	21	16	27	1.266065e+01	
2018	7	21	16	27	2.277529e+01	
2018	7	21	16	27	3.287325e+01	
2018	7	21	16	27	4.297768e+01	
2018	7	21	16	27	5.308940e+01	
2018	7	21	16	28	3.180187e+00	
2018	7	21	16	28	1.328347e+01	
2018	7	21	16	28	2.337343e+01	
2018	7	21	16	28	3.348875e+01	
2018	7	21	16	28	4.357983e+01	
2018	7	21	16	28	5.366195e+01	
2018	7	21	16	29	3.749154e+00	
2018	7	21	16	29	1.384810e+01	
2018	7	21	16	29	2.393976e+01	
2018	7	21	16	29	3.403773e+01	
2018	7	21	16	29	4.413216e+01	
2018	7	21	16	29	5.420586e+01	
2018	7	21	16	30	4.284685e+00	
2018	7	21	16	30	1.435720e+01	
2018	7	21	16	30	2.443142e+01	
2018	7	21	16	30	3.452130e+01	
2018	7	21	16	30	4.461436e+01	
2018	7	21	16	30	5.469404e+01	
2018	7	21	16	31	4.755792e+00	
2018	7	21	16	31	1.483474e+01	
2018	7	21	16	31	2.493388e+01	
2018	7	21	16	31	3.501791e+01	
2018	7	21	16	31	4.508311e+01	
2018	7	21	16	31	5.514648e+01	
2018	7	21	16	32	5.227985e+00	
2018	7	21	16	32	1.530551e+01	
2018	7	21	16	32	2.538135e+01	
2018	7	21	16	32	3.545535e+01	
2018	7	21	16	32	4.551723e+01	
2018	7	21	16	32	5.559050e+01	
2018	7	21	16	33	5.674973e+00	
2018	7	21	16	33	1.576093e+01	
2018	7	21	16	33	2.584613e+01	
2018	7	21	16	33	3.591900e+01	
2018	7	21	16	33	4.599897e+01	
2018	7	21	16	33	5.607903e+01	
2018	7	21	16	34	6.141590e+00	
2018	7	21	16	34	1.621902e+01	
2018	7	21	16	34	2.630281e+01	
2018	7	21	16	34	3.636445e+01	
2018	7	21	16	34	4.644569e+01	
2018	7	21	16	34	5.650570e+01	
2018	7	21	16	35	6.587603e+00	
2018	7	21	16	35	1.666608e+01	
2018	7	21	16	35	2.677398e+01	
2018	7	21	16	35	3.684295e+01	
2018	7	21	16	35	4.691885e+01	
2018	7	21	16	35	5.700696e+01	
2018	7	21	16	36	7.087036e+00	
2018	7	21	16	36	1.715922e+01	
2018	7	21	16	36	2.724229e+01	
2018	7	21	16	36	3.732923e+01	
2018	7	21	16	36	4.742708e+01	
2018	7	21	16	36	5.751000e+01	
2018	7	21	16	37	7.577507e+00	
2018	7	21	16	37	1.765164e+01	
2018	7	21	16	37	2.771857e+01	
2018	7	21	16	37	3.779813e+01	
2018	7	21	16	37	4.788271e+01	
2018	7	21	16	37	5.796823e+01	
2018	7	21	16	38	8.051206e+00	
2018	7	21	16	38	1.812807e+01	
2018	7	21	16	38	2.820781e+01	
2018	7	21	16	38	3.828533e+01	
2018	7	21	16	38	4.836831e+01	
2018	7	21	16	38	5.844410e+01	
2018	7	21	16	39	8.507453e+00	
2018	7	21	16	39	1.860824e+01	
2018	7	21	16	39	2.869593e+01	
2018	7	21	16	39	3.877329e+01	
2018	7	21	16	39	4.884650e+01	
2018	7	21	16	39	5.892642e+01	
2018	7	21	16	40	8.996958e+00	
2018	7	21	16	40	1.908473e+01	
2018	7	21	16	40	2.915594e+01	
2018	7	21	16	40	3.922605e+01	
2018	7	21	16	40	4.931000e+01	
2018	7	21	16	40	5.938768e+01	
2018	7	21	16	41	9.467125e+00	
2018	7	21	16	41	1.953592e+01	
2018	7	21	16	41	2.961894e+01	
2018	7	21	16	41	3.970360e+01	
2018	7	21	16	41	4.978170e+01	
2018	7	21	16	41	5.985042e+01	
2018	7	21	16	42	9.931579e+00	
2018	7	21	16	42	2.002773e+01	
2018	7	21	16	42	3.014042e+01	
2018	7	21	16	42	4.025232e+01	
2018	7	21	16	42	5.031918e+01	
2018	7	21	16	43	3.841670e-01	
2018	7	21	16	50	4.751682e+01	
2018	7	21	16	50	5.797586e+01	
2018	7	21	16	51	8.075484e+00	
2018	7	21	16	51	1.814916e+01	
2018	7	21	16	51	2.823600e+01	
2018	7	21	16	51	3.832673e+01	
2018	7	21	16	51	4.841146e+01	
2018	7	21	16	51	5.854126e+01	
2018	7	21	16	52	8.624687e+00	
2018	7	21	16	52	1.870620e+01	
2018	7	21	16	52	2.879197e+01	
2018	7	21	16	52	3.887796e+01	
2018	7	21	16	52	4.895518e+01	
2018	7	21	16	52	5.904308e+01	
2018	7	21	16	53	9.171968e+00	
2018	7	21	16	53	1.929313e+01	
2018	7	21	16	53	2.942760e+01	
2018	7	21	16	53	3.952001e+01	
2018	7	21	16	53	4.961056e+01	
2018	7	21	16	53	5.969561e+01	
2018	7	21	16	54	9.774201e+00	
2018	7	21	16	54	1.986084e+01	
2018	7	21	16	54	2.999090e+01	
2018	7	21	16	54	4.007924e+01	
2018	7	21	16	54	5.017945e+01	
2018	7	21	16	55	2.803490e-01	
2018	7	21	16	55	1.037504e+01	
2018	7	21	16	55	2.045474e+01	
2018	7	21	16	55	3.054252e+01	
2018	7	21	16	55	4.062367e+01	
2018	7	21	16	55	5.070102e+01	
2018	7	21	16	56	7.990870e-01	
2018	7	21	16	56	1.090270e+01	
2018	7	21	16	56	2.097771e+01	
2018	7	21	16	56	3.106275e+01	
2018	7	21	16	56	4.114105e+01	
2018	7	21	16	56	5.124132e+01	
2018	7	21	16	57	1.326450e+00	
2018	7	21	16	57	1.141157e+01	
2018	7	21	16	57	2.150674e+01	
2018	7	21	16	57	3.159228e+01	
2018	7	21	16	57	4.167578e+01	
2018	7	21	16	57	5.176787e+01	
2018	7	21	16	58	1.864916e+00	
2018	7	21	16	58	1.195927e+01	
2018	7	21	16	58	2.205495e+01	
2018	7	21	16	58	3.214059e+01	
2018	7	21	16	58	4.222275e+01	
2018	7	21	16	58	5.231939e+01	
2018	7	21	16	59	2.399654e+00	
2018	7	21	16	59	1.249708e+01	
2018	7	21	16	59	2.258912e+01	
2018	7	21	16	59	3.268342e+01	
2018	7	21	16	59	4.276295e+01	
2018	7	21	16	59	5.285556e+01	
2018	7	21	17	0	2.941485e+00	
2018	7	21	17	0	1.303793e+01	
2018	7	21	17	0	2.312348e+01	
2018	7	21	17	0	3.321006e+01	
2018	7	21	17	0	4.330558e+01	
2018	7	21	17	0	5.339727e+01	
2018	7	21	17	1	3.489810e+00	
2018	7	21	17	1	1.363279e+01	
2018	7	21	17	1	2.372685e+01	
2018	7	21	17	1	3.380992e+01	
2018	7	21	17	1	4.389880e+01	
2018	7	21	17	1	5.398611e+01	
2018	7	21	17	2	4.085998e+00	
2018	7	21	17	2	1.417830e+01	
2018	7	21	17	2	2.425878e+01	
2018	7	21	17	2	3.433775e+01	
2018	7	21	17	2	4.441875e+01	
2018	7	21	17	2	5.451559e+01	
2018	7	21	17	2	5.737071e+01	
2018	7	21	17	3	7.436790e+00	
2018	7	21	17	3	1.750206e+01	
2018	7	21	17	3	2.759258e+01	
2018	7	21	17	3	3.768114e+01	
2018	7	21	17	3	4.777669e+01	
2018	7	21	17	3	5.785855e+01	
2018	7	21	17	4	7.943215e+00	
2018	7	21	17	4	1.802844e+01	
2018	7	21	17	4	2.811042e+01	
2018	7	21	17	4	3.820528e+01	
2018	7	21	17	4	4.828518e+01	
2018	7	21	17	4	5.838786e+01	
2018	7	21	17	5	8.469697e+00	
2018	7	21	17	5	1.857739e+01	
2018	7	21	17	5	2.866363e+01	
2018	7	21	17	5	3.875453e+01	
2018	7	21	17	5	4.884978e+01	
2018	7	21	17	5	5.893728e+01	
2018	7	21	17	6	9.028205e+00	
2018	7	21	17	6	1.912475e+01	
2018	7	21	17	6	2.921848e+01	
2018	7	21	17	6	3.931627e+01	
2018	7	21	17	6	4.940017e+01	
2018	7	21	17	6	5.947837e+01	
2018	7	21	17	7	9.585582e+00	
2018	7	21	17	7	1.966480e+01	
2018	7	21	17	7	2.975138e+01	
2018	7	21	17	7	3.984820e+01	
2018	7	21	17	7	4.996047e+01	
2018	7	21	17	8	5.826000e-02	
2018	7	21	17	8	1.014987e+01	
2018	7	21	17	8	2.025288e+01	
2018	7	21	17	8	3.034546e+01	
2018	7	21	17	8	4.044209e+01	
2018	7	21	17	8	5.053302e+01	
2018	7	21	17	9	6.357040e-01	
2018	7	21	17	9	1.073425e+01	
2018	7	21	17	9	2.081951e+01	
2018	7	21	17	9	3.091476e+01	
2018	7	21	17	9	4.101277e+01	
2018	7	21	17	9	5.111030e+01	
2018	7	21	17	10	1.210665e+00	
2018	7	21	17	10	1.132274e+01	
2018	7	21	17	10	2.142067e+01	
2018	7	21	17	10	3.151332e+01	
2018	7	21	17	10	4.160649e+01	
2018	7	21	17	10	5.169543e+01	
2018	7	21	17	11	1.799531e+00	
2018	7	21	17	11	1.189945e+01	
2018	7	21	17	11	2.199477e+01	
2018	7	21	17	11	3.208924e+01	
2018	7	21	17	11	4.217937e+01	
2018	7	21	17	11	5.226705e+01	
2018	7	21	17	12	2.355454e+00	
2018	7	21	17	12	1.245730e+01	
2018	7	21	17	12	2.256182e+01	
2018	7	21	17	12	3.266289e+01	
2018	7	21	17	12	4.276729e+01	
2018	7	21	17	12	5.285699e+01	
2018	7	21	17	13	2.943225e+00	
2018	7	21	17	13	1.303668e+01	
2018	7	21	17	13	2.313977e+01	
2018	7	21	17	13	3.323900e+01	
2018	7	21	17	13	4.334317e+01	
2018	7	21	17	13	5.344055e+01	
2018	7	21	17	14	3.543886e+00	
2018	7	21	17	14	1.365247e+01	
2018	7	21	17	14	2.375961e+01	
2018	7	21	17	14	3.384635e+01	
2018	7	21	17	14	4.394399e+01	
2018	7	21	17	14	5.403589e+01	
2018	7	21	17	15	4.139859e+00	
2018	7	21	17	15	1.422833e+01	
2018	7	21	17	15	2.432077e+01	
2018	7	21	17	15	3.441736e+01	
2018	7	21	17	15	4.452965e+01	
2018	7	21	17	15	5.462776e+01	
2018	7	21	17	16	4.734373e+00	
2018	7	21	17	16	1.484013e+01	
2018	7	21	17	16	2.494157e+01	
2018	7	21	17	16	3.503695e+01	
2018	7	21	17	16	4.512494e+01	
2018	7	21	17	16	5.523074e+01	
2018	7	21	17	17	5.335397e+00	
2018	7	21	17	17	1.542841e+01	
2018	7	21	17	17	2.553715e+01	
2018	7	21	17	17	3.564710e+01	
2018	7	21	17	17	4.574811e+01	
2018	7	21	17	17	5.585106e+01	
2018	7	21	17	18	5.959368e+00	
2018	7	21	17	18	1.605301e+01	
2018	7	21	17	18	2.615292e+01	
2018	7	21	17	18	3.629280e+01	
2018	7	21	17	18	4.638236e+01	
2018	7	21	17	18	5.648694e+01	
2018	7	21	17	19	6.595358e+00	
2018	7	21	17	19	1.669091e+01	
2018	7	21	17	19	2.679031e+01	
2018	7	21	17	19	3.688976e+01	
2018	7	21	17	19	4.699178e+01	
2018	7	21	17	19	5.710823e+01	
2018	7	21	17	20	7.219435e+00	
2018	7	21	17	20	1.731575e+01	
2018	7	21	17	20	2.741612e+01	
2018	7	21	17	20	3.752458e+01	
2018	7	21	17	20	4.762168e+01	
2018	7	21	17	20	5.771974e+01	
2018	7	21	17	21	7.820012e+00	
2018	7	21	17	21	1.791868e+01	
2018	7	21	17	21	2.803069e+01	
2018	7	21	17	21	3.812577e+01	
2018	7	21	17	21	4.821599e+01	
2018	7	21	17	21	5.831180e+01	
2018	7	21	17	22	8.402389e+00	
2018	7	21	17	22	1.850595e+01	
2018	7	21	17	22	2.863079e+01	
2018	7	21	17	22	3.879079e+01	
2018	7	21	17	22	4.889914e+01	
2018	7	21	17	22	5.899952e+01	
2018	7	21	17	23	9.099481e+00	
2018	7	21	17	23	1.919506e+01	
2018	7	21	17	23	2.929957e+01	
2018	7	21	17	23	3.941104e+01	
2018	7	21	17	23	4.950651e+01	
2018	7	21	17	23	5.960989e+01	
2018	7	21	17	24	9.712870e+00	
2018	7	21	17	24	1.980664e+01	
2018	7	21	17	24	2.989545e+01	
2018	7	21	17	24	3.999479e+01	
2018	7	21	17	24	5.009844e+01	
2018	7	21	17	25	1.999880e-01	
2018	7	21	17	25	1.030733e+01	
2018	7	21	17	25	2.041664e+01	
2018	7	21	17	25	3.053114e+01	
2018	7	21	17	25	4.062828e+01	
2018	7	21	17	25	5.076799e+01	
2018	7	21	17	26	8.953670e-01	
2018	7	21	17	26	1.098955e+01	
2018	7	21	17	26	2.109230e+01	
2018	7	21	17	26	3.118054e+01	
2018	7	21	17	26	4.127459e+01	
2018	7	21	17	26	5.137693e+01	
2018	7	21	17	27	1.491009e+00	
2018	7	21	17	27	1.160376e+01	
2018	7	21	17	27	2.171267e+01	
2018	7	21	17	27	3.182416e+01	
2018	7	21	17	27	4.192803e+01	
2018	7	21	17	27	5.203136e+01	
2018	7	21	17	28	2.144579e+00	
2018	7	21	17	28	1.225516e+01	
2018	7	21	17	28	2.236011e+01	
2018	7	21	17	28	3.247011e+01	
2018	7	21	17	28	4.257948e+01	
2018	7	21	17	28	5.267643e+01	
2018	7	21	17	29	2.772081e+00	
2018	7	21	17	29	1.286996e+01	
2018	7	21	17	29	2.297335e+01	
2018	7	21	17	29	3.307449e+01	
2018	7	21	17	29	4.317585e+01	
2018	7	21	17	29	5.327675e+01	
2018	7	21	17	30	3.385760e+00	
2018	7	21	17	30	1.348275e+01	
2018	7	21	17	30	2.359233e+01	
2018	7	21	17	30	3.369194e+01	
2018	7	21	17	30	4.379380e+01	
2018	7	21	17	30	5.389112e+01	
2018	7	21	17	31	3.986106e+00	
2018	7	21	17	31	1.409160e+01	
2018	7	21	17	31	2.419486e+01	
2018	7	21	17	31	3.429214e+01	
2018	7	21	17	31	4.440489e+01	
2018	7	21	17	31	5.451572e+01	
2018	7	21	17	32	4.618891e+00	
2018	7	21	17	32	1.472405e+01	
2018	7	21	17	32	2.484281e+01	
2018	7	21	17	32	3.493951e+01	
2018	7	21	17	32	4.504249e+01	
2018	7	21	17	32	5.514405e+01	
2018	7	21	17	33	5.251759e+00	
2018	7	21	17	33	1.535895e+01	
2018	7	21	17	33	2.547166e+01	
2018	7	21	17	33	3.558306e+01	
2018	7	21	17	33	4.569316e+01	
2018	7	21	17	33	5.580257e+01	
2018	7	21	17	34	5.919083e+00	
2018	7	21	17	34	1.602151e+01	
2018	7	21	17	34	2.612201e+01	
2018	7	21	17	34	3.622344e+01	
2018	7	21	17	34	4.632452e+01	
2018	7	21	17	34	5.643590e+01	
2018	7	21	17	35	6.554933e+00	
2018	7	21	17	35	1.666133e+01	
2018	7	21	17	35	2.677480e+01	
2018	7	21	17	35	3.688004e+01	
2018	7	21	17	35	4.698974e+01	
2018	7	21	17	35	5.711235e+01	
2018	7	21	17	36	7.227016e+00	
2018	7	21	17	36	1.734566e+01	
2018	7	21	17	36	2.746578e+01	
2018	7	21	17	36	3.757299e+01	
2018	7	21	17	36	4.767967e+01	
2018	7	21	17	36	5.778530e+01	
2018	7	21	17	37	7.891132e+00	
2018	7	21	17	37	1.801683e+01	
2018	7	21	17	37	2.811797e+01	
2018	7	21	17	37	3.822107e+01	
2018	7	21	17	37	4.832437e+01	
2018	7	21	17	37	5.843796e+01	
2018	7	21	17	38	8.551682e+00	
2018	7	21	17	38	1.865384e+01	
2018	7	21	17	38	2.876032e+01	
2018	7	21	17	38	3.887371e+01	
2018	7	21	17	38	4.898165e+01	
2018	7	21	17	38	5.909395e+01	
2018	7	21	17	39	9.208437e+00	
2018	7	21	17	39	1.931427e+01	
2018	7	21	17	39	2.942147e+01	
2018	7	21	17	39	3.954266e+01	
2018	7	21	17	39	4.966439e+01	
2018	7	21	17	39	5.976711e+01	
2018	7	21	17	40	9.876311e+00	
2018	7	21	17	40	1.480000e+01	
2018	7	21	17	40	2.490052e+01	
2018	7	21	17	40	3.495398e+01	
2018	7	21	17	40	4.502449e+01	
2018	7	21	17	40	5.510187e+01	
2018	7	21	17	41	5.162280e+00	
2018	7	21	17	41	1.522800e+01	
2018	7	21	17	41	2.528734e+01	
2018	7	21	17	41	3.535844e+01	
2018	7	21	17	41	4.542930e+01	
2018	7	21	17	41	5.549832e+01	
2018	7	21	17	42	5.575095e+00	
2018	7	21	17	42	1.563362e+01	
2018	7	21	17	42	2.570192e+01	
2018	7	21	17	42	3.576341e+01	
2018	7	21	17	42	4.582677e+01	
2018	7	21	17	42	5.590148e+01	
2018	7	21	17	43	5.988714e+00	
2018	7	21	17	43	1.606032e+01	
2018	7	21	17	43	2.613139e+01	
2018	7	21	17	43	3.619512e+01	
2018	7	21	17	43	4.625918e+01	
2018	7	21	17	43	5.634584e+01	
2018	7	21	17	44	6.448910e+00	
2018	7	21	17	44	1.622378e+01	
2018	7	21	17	44	2.632682e+01	
2018	7	21	17	44	3.639669e+01	
2018	7	21	17	44	4.647251e+01	
2018	7	21	17	44	5.659266e+01	
2018	7	21	17	45	6.703320e+00	
2018	7	21	17	45	1.683478e+01	
2018	7	21	17	45	2.695700e+01	
2018	7	21	17	45	3.708935e+01	
2018	7	21	17	45	4.720178e+01	
2018	7	21	17	45	5.732883e+01	
2018	7	21	17	46	7.442219e+00	
2018	7	21	17	46	1.763437e+01	
2018	7	21	17	46	2.776418e+01	
2018	7	21	17	46	3.788842e+01	
2018	7	21	17	46	4.801547e+01	
2018	7	21	17	46	5.814892e+01	
2018	7	21	17	47	8.263600e+00	
2018	7	21	17	47	1.838215e+01	
2018	7	21	17	47	2.849817e+01	
2018	7	21	17	47	3.860907e+01	
2018	7	21	17	47	4.872046e+01	
2018	7	21	17	47	5.882972e+01	
2018	7	21	17	48	8.938599e+00	
2018	7	21	17	48	1.906125e+01	
2018	7	21	17	48	2.919321e+01	
2018	7	21	17	48	3.930647e+01	
2018	7	21	17	48	4.942352e+01	
2018	7	21	17	48	5.954373e+01	
2018	7	21	17	49	9.656841e+00	
2018	7	21	17	49	1.977420e+01	
2018	7	21	17	49	2.995450e+01	
2018	7	21	17	49	4.011064e+01	
2018	7	21	17	49	5.023192e+01	
2018	7	21	17	50	3.601070e-01	
2018	7	21	17	50	1.048198e+01	
2018	7	21	17	50	2.061203e+01	
2018	7	21	17	50	3.074621e+01	
2018	7	21	17	50	4.086291e+01	
2018	7	21	17	50	5.099199e+01	
2018	7	21	17	51	1.108614e+00	
2018	7	21	17	51	1.122773e+01	
2018	7	21	17	51	2.134726e+01	
2018	7	21	17	51	3.145702e+01	
2018	7	21	17	51	4.162434e+01	
2018	7	21	17	51	5.174956e+01	
2018	7	21	17	52	1.883737e+00	
2018	7	21	17	52	1.201126e+01	
2018	7	21	17	52	2.214003e+01	
2018	7	21	17	52	3.226325e+01	
2018	7	21	17	52	4.238767e+01	
2018	7	21	17	52	5.251127e+01	
2018	7	21	17	53	2.630557e+00	
2018	7	21	17	53	1.275253e+01	
2018	7	21	17	53	2.287285e+01	
2018	7	21	17	53	3.300179e+01	
2018	7	21	17	53	4.311502e+01	
2018	7	21	17	53	5.323700e+01	
2018	7	21	17	54	3.350694e+00	
2018	7	21	17	54	1.346986e+01	
2018	7	21	17	54	2.358882e+01	
2018	7	21	17	54	3.370858e+01	
2018	7	21	17	54	4.383334e+01	
2018	7	21	17	54	5.394776e+01	
2018	7	21	17	55	4.074035e+00	
2018	7	21	17	55	1.419558e+01	
2018	7	21	17	55	2.433117e+01	
2018	7	21	17	55	3.446473e+01	
2018	7	21	17	55	4.459075e+01	
2018	7	21	17	55	5.471348e+01	
2018	7	21	17	56	4.835462e+00	
2018	7	21	17	56	1.496022e+01	
2018	7	21	17	56	2.508984e+01	
2018	7	21	17	56	3.521845e+01	
2018	7	21	17	56	4.534588e+01	
2018	7	21	17	56	5.547163e+01	
2018	7	21	17	57	5.589203e+00	
2018	7	21	17	57	1.571907e+01	
2018	7	21	17	57	2.583926e+01	
2018	7	21	17	57	3.596305e+01	
2018	7	21	17	57	4.609451e+01	
2018	7	21	17	57	5.622266e+01	
2018	7	21	17	58	6.348607e+00	
2018	7	21	17	58	1.648354e+01	
2018	7	21	17	58	2.661175e+01	
2018	7	21	17	58	3.674153e+01	
2018	7	21	17	58	4.688214e+01	
2018	7	21	17	58	5.702756e+01	
2018	7	21	17	59	7.160923e+00	
2018	7	21	17	59	1.729042e+01	
2018	7	21	17	59	2.741997e+01	
2018	7	21	17	59	3.754389e+01	
2018	7	21	17	59	4.766251e+01	
2018	7	21	17	59	5.778663e+01	
2018	7	21	18	0	7.914736e+00	
2018	7	21	18	0	1.804277e+01	
2018	7	21	18	0	2.817502e+01	
2018	7	21	18	0	3.829927e+01	
2018	7	21	18	0	4.844796e+01	
2018	7	21	18	0	5.856893e+01	
2018	7	21	18	1	8.693454e+00	
2018	7	21	18	1	1.883281e+01	
2018	7	21	18	1	2.896852e+01	
2018	7	21	18	1	3.910018e+01	
2018	7	21	18	1	4.922216e+01	
2018	7	21	18	1	5.934713e+01	
2018	7	21	18	2	9.464967e+00	
2018	7	21	18	2	1.960255e+01	
2018	7	21	18	2	2.973403e+01	
2018	7	21	18	2	3.986840e+01	
2018	7	21	18	2	5.000990e+01	
2018	7	21	18	3	1.392030e-01	
2018	7	21	18	3	1.025566e+01	
2018	7	21	18	3	2.038817e+01	
2018	7	21	18	3	3.053089e+01	
2018	7	21	18	3	4.066037e+01	
2018	7	21	18	3	5.080726e+01	
2018	7	21	18	4	9.424330e-01	
2018	7	21	18	4	1.105915e+01	
2018	7	21	18	4	2.124614e+01	
2018	7	21	18	4	3.137439e+01	
2018	7	21	18	4	4.150064e+01	
2018	7	21	18	4	5.163572e+01	
2018	7	21	18	5	1.764238e+00	
2018	7	21	18	5	1.189237e+01	
2018	7	21	18	5	2.201777e+01	
2018	7	21	18	5	3.214060e+01	
2018	7	21	18	5	4.227591e+01	
2018	7	21	18	5	5.239567e+01	
2018	7	21	18	6	2.543726e+00	
2018	7	21	18	6	1.268904e+01	
2018	7	21	18	6	2.283122e+01	
2018	7	21	18	6	3.296936e+01	
2018	7	21	18	6	4.310861e+01	
2018	7	21	18	6	5.323882e+01	
2018	7	21	18	7	3.362633e+00	
2018	7	21	18	7	1.349281e+01	
2018	7	21	18	7	2.363005e+01	
2018	7	21	18	7	3.375436e+01	
2018	7	21	18	7	4.387816e+01	
2018	7	21	18	7	5.400682e+01	
2018	7	21	18	8	4.129968e+00	
2018	7	21	18	8	1.425113e+01	
2018	7	21	18	8	2.437219e+01	
2018	7	21	18	8	3.449498e+01	
2018	7	21	18	8	4.462129e+01	
2018	7	21	18	8	5.476292e+01	
2018	7	21	18	9	4.900449e+00	
2018	7	21	18	9	1.503272e+01	
2018	7	21	18	9	2.515683e+01	
2018	7	21	18	9	3.528686e+01	
2018	7	21	18	9	4.541668e+01	
2018	7	21	18	9	5.555511e+01	
2018	7	21	18	10	5.684288e+00	
2018	7	21	18	10	1.580719e+01	
2018	7	21	18	10	2.594054e+01	
2018	7	21	18	10	3.607057e+01	
2018	7	21	18	10	4.619574e+01	
2018	7	21	18	10	5.633921e+01	
2018	7	21	18	11	6.539217e+00	
2018	7	21	18	11	1.666712e+01	
2018	7	21	18	11	2.681122e+01	
2018	7	21	18	11	3.693393e+01	
2018	7	21	18	11	4.707160e+01	
2018	7	21	18	11	5.720622e+01	
2018	7	21	18	12	7.335962e+00	
2018	7	21	18	12	1.746215e+01	
2018	7	21	18	12	2.758715e+01	
2018	7	21	18	12	3.772676e+01	
2018	7	21	18	12	4.784747e+01	
2018	7	21	18	12	5.798783e+01	
2018	7	21	18	13	8.123956e+00	
2018	7	21	18	13	1.825480e+01	
2018	7	21	18	13	2.838902e+01	
2018	7	21	18	13	3.852919e+01	
2018	7	21	18	13	4.865771e+01	
2018	7	21	18	13	5.879267e+01	
2018	7	21	18	14	8.916631e+00	
2018	7	21	18	14	1.904904e+01	
2018	7	21	18	14	2.917889e+01	
2018	7	21	18	14	3.931111e+01	
2018	7	21	18	14	4.944116e+01	
2018	7	21	18	14	5.959279e+01	
2018	7	21	18	15	9.739124e+00	
2018	7	21	18	15	1.987310e+01	
2018	7	21	18	15	3.002093e+01	
2018	7	21	18	15	4.015466e+01	
2018	7	21	18	15	5.029045e+01	
2018	7	21	18	16	4.330530e-01	
2018	7	21	18	16	1.059196e+01	
2018	7	21	18	16	2.073901e+01	
2018	7	21	18	16	3.087445e+01	
2018	7	21	18	16	4.101831e+01	
2018	7	21	18	16	5.116196e+01	
2018	7	21	18	17	1.308117e+00	
2018	7	21	18	17	1.144457e+01	
2018	7	21	18	17	2.163840e+01	
2018	7	21	18	17	3.177953e+01	
2018	7	21	18	17	4.191175e+01	
2018	7	21	18	17	5.206105e+01	
2018	7	21	18	18	2.234053e+00	
2018	7	21	18	18	1.238482e+01	
2018	7	21	18	18	2.252681e+01	
2018	7	21	18	18	3.266707e+01	
2018	7	21	18	18	4.279897e+01	
2018	7	21	18	18	5.293358e+01	
2018	7	21	18	19	3.060645e+00	
2018	7	21	18	19	1.320614e+01	
2018	7	21	18	19	2.334411e+01	
2018	7	21	18	19	3.347216e+01	
2018	7	21	18	19	4.360820e+01	
2018	7	21	18	19	5.376026e+01	
2018	7	21	18	20	3.897199e+00	
2018	7	21	18	20	1.405985e+01	
2018	7	21	18	20	2.422959e+01	
2018	7	21	18	20	2.980549e+01	
2018	7	21	18	20	3.994313e+01	
2018	7	21	18	20	5.004689e+01	
2018	7	21	18	21	1.827940e-01	
2018	7	21	18	21	1.033559e+01	
2018	7	21	18	21	2.048546e+01	
2018	7	21	18	21	3.062817e+01	
2018	7	21	18	21	4.077063e+01	
2018	7	21	18	21	5.090957e+01	
2018	7	21	18	22	1.054401e+00	
2018	7	21	18	22	1.120035e+01	
2018	7	21	18	22	2.135192e+01	
2018	7	21	18	22	3.149903e+01	
2018	7	21	18	22	4.163523e+01	
2018	7	21	18	22	5.176971e+01	
2018	7	21	18	23	1.922310e+00	
2018	7	21	18	23	1.207656e+01	
2018	7	21	18	23	2.222930e+01	
2018	7	21	18	23	3.238657e+01	
2018	7	21	18	23	4.253100e+01	
2018	7	21	18	23	5.268589e+01	
2018	7	21	18	24	2.841663e+00	
2018	7	21	18	24	1.305073e+01	
2018	7	21	18	24	2.320340e+01	
2018	7	21	18	24	3.335077e+01	
2018	7	21	18	24	4.350613e+01	
2018	7	21	18	24	5.364529e+01	
2018	7	21	18	25	3.792720e+00	
2018	7	21	18	25	1.393026e+01	
2018	7	21	18	25	2.407930e+01	
2018	7	21	18	25	3.422370e+01	
2018	7	21	18	25	4.437217e+01	
2018	7	21	18	25	5.450798e+01	
2018	7	21	18	26	4.645244e+00	
2018	7	21	18	26	1.479963e+01	
2018	7	21	18	26	2.494519e+01	
2018	7	21	18	26	3.509277e+01	
2018	7	21	18	26	4.523474e+01	
2018	7	21	18	26	5.538146e+01	
2018	7	21	18	27	5.516618e+00	
2018	7	21	18	27	1.568972e+01	
2018	7	21	18	27	2.585446e+01	
2018	7	21	18	27	3.599326e+01	
2018	7	21	18	27	4.618174e+01	
2018	7	21	18	27	5.633886e+01	
2018	7	21	18	28	6.475281e+00	
2018	7	21	18	28	1.662680e+01	
2018	7	21	18	28	2.678640e+01	
2018	7	21	18	28	3.694474e+01	
2018	7	21	18	28	4.709456e+01	
2018	7	21	18	28	5.723205e+01	
2018	7	21	18	29	7.383597e+00	
2018	7	21	18	29	1.752178e+01	
2018	7	21	18	29	2.767201e+01	
2018	7	21	18	29	3.781119e+01	
2018	7	21	18	29	4.795324e+01	
2018	7	21	18	29	5.810129e+01	
2018	7	21	18	30	8.246696e+00	
2018	7	21	18	30	1.839864e+01	
2018	7	21	18	30	2.854581e+01	
2018	7	21	18	30	3.870434e+01	
2018	7	21	18	30	4.885327e+01	
2018	7	21	18	30	5.900694e+01	
2018	7	21	18	31	9.155019e+00	
2018	7	21	18	31	1.929919e+01	
2018	7	21	18	31	2.944163e+01	
2018	7	21	18	31	3.958830e+01	
2018	7	21	18	31	4.972587e+01	
2018	7	21	18	31	5.987780e+01	
2018	7	21	18	32	1.003968e+01	
2018	7	21	18	32	2.017867e+01	
2018	7	21	18	32	3.032156e+01	
2018	7	21	18	32	4.046695e+01	
2018	7	21	18	32	5.061285e+01	
2018	7	21	18	33	7.596240e-01	
2018	7	21	18	33	1.092725e+01	
2018	7	21	18	33	2.108178e+01	
2018	7	21	18	33	3.123718e+01	
2018	7	21	18	33	4.138100e+01	
2018	7	21	18	33	5.153639e+01	
2018	7	21	18	34	1.679520e+00	
2018	7	21	18	34	1.183398e+01	
2018	7	21	18	34	2.198581e+01	
2018	7	21	18	34	3.214506e+01	
2018	7	21	18	34	4.230216e+01	
2018	7	21	18	34	5.245522e+01	
2018	7	21	18	35	2.612159e+00	
2018	7	21	18	35	1.277739e+01	
2018	7	21	18	35	2.291785e+01	
2018	7	21	18	35	3.307735e+01	
2018	7	21	18	35	4.323361e+01	
2018	7	21	18	35	5.337757e+01	
2018	7	21	18	36	3.517248e+00	
2018	7	21	18	36	1.365929e+01	
2018	7	21	18	36	2.380222e+01	
2018	7	21	18	36	3.396108e+01	
2018	7	21	18	36	4.411633e+01	
2018	7	21	18	36	5.428447e+01	
2018	7	21	18	37	4.430510e+00	
2018	7	21	18	37	1.458288e+01	
2018	7	21	18	37	2.474791e+01	
2018	7	21	18	37	3.489909e+01	
2018	7	21	18	37	4.504857e+01	
2018	7	21	18	37	5.521481e+01	
2018	7	21	18	38	5.360357e+00	
2018	7	21	18	38	1.552109e+01	
2018	7	21	18	38	2.568048e+01	
2018	7	21	18	38	3.582313e+01	
2018	7	21	18	38	4.598600e+01	
2018	7	21	18	38	5.614644e+01	
2018	7	21	18	39	6.293101e+00	
2018	7	21	18	39	1.644293e+01	
2018	7	21	18	39	2.660424e+01	
2018	7	21	18	39	3.674919e+01	
2018	7	21	18	39	4.689986e+01	
2018	7	21	18	39	5.705358e+01	
2018	7	21	18	40	7.214961e+00	
2018	7	21	18	40	1.737030e+01	
2018	7	21	18	40	2.752073e+01	
2018	7	21	18	40	3.767944e+01	
2018	7	21	18	40	4.782830e+01	
2018	7	21	18	40	5.798498e+01	
2018	7	21	18	41	8.149723e+00	
2018	7	21	18	41	1.829627e+01	
2018	7	21	18	41	2.843808e+01	
2018	7	21	18	41	3.858501e+01	
2018	7	21	18	41	4.874639e+01	
2018	7	21	18	41	5.891034e+01	
2018	7	21	18	42	9.079092e+00	
2018	7	21	18	42	1.924185e+01	
2018	7	21	18	42	2.940113e+01	
2018	7	21	18	42	3.954529e+01	
2018	7	21	18	42	4.969285e+01	
2018	7	21	18	42	5.987999e+01	
2018	7	21	18	43	1.004108e+01	
2018	7	21	18	43	2.027357e+01	
2018	7	21	18	43	3.043208e+01	
2018	7	21	18	43	4.059536e+01	
2018	7	21	18	43	5.075905e+01	
2018	7	21	18	44	9.291350e-01	
2018	7	21	18	44	1.108552e+01	
2018	7	21	18	44	2.123881e+01	
2018	7	21	18	44	3.140765e+01	
2018	7	21	18	44	4.155842e+01	
2018	7	21	18	44	5.172362e+01	
2018	7	21	18	45	1.885043e+00	
2018	7	21	18	45	1.206118e+01	
2018	7	21	18	45	2.221138e+01	
2018	7	21	18	45	3.236403e+01	
2018	7	21	18	45	4.252398e+01	
2018	7	21	18	45	5.269258e+01	
2018	7	21	18	46	2.842990e+00	
2018	7	21	18	46	1.299394e+01	
2018	7	21	18	46	2.314201e+01	
2018	7	21	18	46	3.329274e+01	
2018	7	21	18	46	4.344491e+01	
2018	7	21	18	46	5.361126e+01	
2018	7	21	18	47	3.772375e+00	
2018	7	21	18	47	1.393974e+01	
2018	7	21	18	47	2.409220e+01	
2018	7	21	18	47	3.425935e+01	
2018	7	21	18	47	4.442680e+01	
2018	7	21	18	47	5.459028e+01	
2018	7	21	18	48	4.757222e+00	
2018	7	21	18	48	1.490405e+01	
2018	7	21	18	48	2.506595e+01	
2018	7	21	18	48	3.521447e+01	
2018	7	21	18	48	4.538390e+01	
2018	7	21	18	48	5.554300e+01	
2018	7	21	18	49	5.692704e+00	
2018	7	21	18	49	1.586131e+01	
2018	7	21	18	49	2.601331e+01	
2018	7	21	18	49	3.618076e+01	
2018	7	21	18	49	4.632824e+01	
2018	7	21	18	49	5.648861e+01	
2018	7	21	18	50	6.665941e+00	
2018	7	21	18	50	1.681775e+01	
2018	7	21	18	50	2.696771e+01	
2018	7	21	18	50	3.713609e+01	
2018	7	21	18	50	4.729221e+01	
2018	7	21	18	50	5.744530e+01	
2018	7	21	18	51	7.612764e+00	
2018	7	21	18	51	1.778481e+01	
2018	7	21	18	51	2.794124e+01	
2018	7	21	18	51	3.810726e+01	
2018	7	21	18	51	4.826758e+01	
2018	7	21	18	51	5.843572e+01	
2018	7	21	18	52	8.597632e+00	
2018	7	21	18	52	1.875371e+01	
2018	7	21	18	52	2.892133e+01	
2018	7	21	18	52	3.907380e+01	
2018	7	21	18	52	4.924262e+01	
2018	7	21	18	52	5.941260e+01	
2018	7	21	18	53	9.568810e+00	
2018	7	21	18	53	1.972637e+01	
2018	7	21	18	53	2.988607e+01	
2018	7	21	18	53	4.005189e+01	
2018	7	21	18	53	5.021637e+01	
2018	7	21	18	54	3.901390e-01	
2018	7	21	18	54	1.054230e+01	
2018	7	21	18	54	2.069440e+01	
2018	7	21	18	54	3.086165e+01	
2018	7	21	18	54	4.101942e+01	
2018	7	21	18	54	5.118656e+01	
2018	7	21	18	55	1.341972e+00	
2018	7	21	18	55	1.149636e+01	
2018	7	21	18	55	2.165963e+01	
2018	7	21	18	55	3.182064e+01	
2018	7	21	18	55	4.199860e+01	
2018	7	21	18	55	5.219029e+01	
2018	7	21	18	56	2.385897e+00	
2018	7	21	18	56	1.255810e+01	
2018	7	21	18	56	2.275692e+01	
2018	7	21	18	56	3.293377e+01	
2018	7	21	18	56	4.322073e+01	
2018	7	21	18	56	5.339920e+01	
2018	7	21	18	57	3.591760e+00	
2018	7	21	18	57	1.378536e+01	
2018	7	21	18	57	2.397989e+01	
2018	7	21	18	57	3.427502e+01	
2018	7	21	18	57	4.447327e+01	
2018	7	21	18	57	5.466274e+01	
2018	7	21	18	58	4.832067e+00	
2018	7	21	18	58	1.502326e+01	
2018	7	21	18	58	2.518723e+01	
2018	7	21	18	58	3.536128e+01	
2018	7	21	18	58	4.552674e+01	
2018	7	21	18	58	5.570224e+01	
2018	7	21	18	59	5.869668e+00	
2018	7	21	18	59	1.030948e+01	
2018	7	21	18	59	2.045501e+01	
2018	7	21	18	59	3.055154e+01	
2018	7	21	18	59	4.064929e+01	
2018	7	21	18	59	5.076415e+01	
2018	7	21	19	0	8.728000e-01	
2018	7	21	19	0	1.097078e+01	
2018	7	21	19	0	2.107227e+01	
2018	7	21	19	0	2.309892e+01	
