inf
923.391
837.07
788.957
683.006
666.949
642.878
623.198
547.727
493.103
492.921
473.882
439.481
429.884
428.344
419.171
393.992
375.163
369.934
361.731
357.001
356.026
355.506
333.053
326.688
326.486
324.881
323.358
313.813
307.097
306.394
304.181
293.794
292.874
289.17
287.362
282.163
279.919
277.727
275.804
273.503
268.643
267.46
266.619
264.593
263.282
260.211
259.838
259.342
257.289
254.745
251.797
251.65
247.614
245.281
245.18
244.98
243.849
243.546
243.138
243.097
241.776
241.105
240.751
240.388
239.233
239.09
239.065
236.361
235.439
235.279
233.19
233.102
230.228
229.965
229.955
229.388
223.682
222.602
222.26
216.962
215.813
214.894
214.627
214.333
212.72
211.142
209.971
209.41
208.577
207.763
207.695
205.267
204.886
203.566
202.076
201.106
200.932
200.469
199.967
