2018	7	9	14	21	2.751851e+01	
2018	7	9	14	21	3.752599e+01	
2018	7	9	14	21	4.753368e+01	
2018	7	9	14	21	5.756047e+01	
2018	7	9	14	22	7.574699e+00	
2018	7	9	14	22	1.757836e+01	
2018	7	9	14	22	2.759020e+01	
2018	7	9	14	22	3.761502e+01	
2018	7	9	14	22	4.762328e+01	
2018	7	9	14	22	5.764063e+01	
2018	7	9	14	23	7.659606e+00	
2018	7	9	14	23	1.767363e+01	
2018	7	9	14	23	2.769285e+01	
2018	7	9	14	23	3.771854e+01	
2018	7	9	14	23	4.774842e+01	
2018	7	9	14	23	5.777170e+01	
2018	7	9	14	24	7.787294e+00	
2018	7	9	14	24	1.779653e+01	
2018	7	9	14	24	2.782906e+01	
2018	7	9	14	24	3.785180e+01	
2018	7	9	14	24	4.786746e+01	
2018	7	9	14	24	5.787750e+01	
2018	7	9	14	25	7.904834e+00	
2018	7	9	14	25	1.792112e+01	
2018	7	9	14	25	2.794102e+01	
2018	7	9	14	25	3.796661e+01	
2018	7	9	14	25	4.798486e+01	
2018	7	9	14	25	5.801473e+01	
2018	7	9	14	26	8.040941e+00	
2018	7	9	14	26	1.806771e+01	
2018	7	9	14	26	2.808967e+01	
2018	7	9	14	26	3.809773e+01	
2018	7	9	14	26	4.812694e+01	
2018	7	9	14	26	5.813929e+01	
2018	7	9	14	27	8.164062e+00	
2018	7	9	14	27	1.819283e+01	
2018	7	9	14	27	2.821278e+01	
2018	7	9	14	27	3.824025e+01	
2018	7	9	14	27	4.827179e+01	
2018	7	9	14	27	5.829369e+01	
2018	7	9	14	28	8.312794e+00	
2018	7	9	14	28	1.833640e+01	
2018	7	9	14	28	2.837975e+01	
2018	7	9	14	28	3.841063e+01	
2018	7	9	14	28	4.842449e+01	
2018	7	9	14	28	5.844985e+01	
2018	7	9	14	29	8.464616e+00	
2018	7	9	14	29	1.848306e+01	
2018	7	9	14	29	2.850024e+01	
2018	7	9	14	29	3.854057e+01	
2018	7	9	14	29	4.856267e+01	
2018	7	9	14	29	5.857835e+01	
2018	7	9	14	30	8.606859e+00	
2018	7	9	14	30	1.863841e+01	
2018	7	9	14	30	2.865843e+01	
2018	7	9	14	30	3.868615e+01	
2018	7	9	14	30	4.870504e+01	
2018	7	9	14	30	5.872678e+01	
2018	7	9	14	31	8.746485e+00	
2018	7	9	14	31	1.876998e+01	
2018	7	9	14	31	2.878882e+01	
2018	7	9	14	31	3.881732e+01	
2018	7	9	14	31	4.885719e+01	
2018	7	9	14	31	5.887032e+01	
2018	7	9	14	32	8.889807e+00	
2018	7	9	14	32	1.891999e+01	
2018	7	9	14	32	2.895535e+01	
2018	7	9	14	32	3.897487e+01	
2018	7	9	14	32	4.898762e+01	
2018	7	9	14	32	5.901278e+01	
2018	7	9	14	33	9.040311e+00	
2018	7	9	14	33	1.908184e+01	
2018	7	9	14	33	2.910112e+01	
2018	7	9	14	33	3.913691e+01	
2018	7	9	14	33	4.916284e+01	
2018	7	9	14	33	5.918699e+01	
2018	7	9	14	34	9.228164e+00	
2018	7	9	14	34	1.924896e+01	
2018	7	9	14	34	2.927668e+01	
2018	7	9	14	34	3.931359e+01	
2018	7	9	14	34	4.933987e+01	
2018	7	9	14	34	5.937750e+01	
2018	7	9	14	35	9.405223e+00	
2018	7	9	14	35	1.943212e+01	
2018	7	9	14	35	2.947176e+01	
2018	7	9	14	35	3.950216e+01	
2018	7	9	14	35	4.953603e+01	
2018	7	9	14	35	5.955440e+01	
2018	7	9	14	36	9.573786e+00	
2018	7	9	14	36	1.962061e+01	
2018	7	9	14	36	2.964183e+01	
2018	7	9	14	36	3.966138e+01	
2018	7	9	14	36	4.968903e+01	
2018	7	9	14	36	5.971476e+01	
2018	7	9	14	37	9.758778e+00	
2018	7	9	14	37	1.979735e+01	
2018	7	9	14	37	2.983255e+01	
2018	7	9	14	37	3.985995e+01	
2018	7	9	14	37	4.990351e+01	
2018	7	9	14	37	5.992885e+01	
2018	7	9	14	38	9.955564e+00	
2018	7	9	14	38	1.998212e+01	
2018	7	9	14	38	3.000927e+01	
2018	7	9	14	38	4.005048e+01	
2018	7	9	14	38	5.008349e+01	
2018	7	9	14	39	1.080740e-01	
2018	7	9	14	39	1.013654e+01	
2018	7	9	14	39	2.015360e+01	
2018	7	9	14	39	3.018828e+01	
2018	7	9	14	39	4.021386e+01	
2018	7	9	14	39	5.024284e+01	
2018	7	9	15	23	1.484136e+01	
2018	7	9	15	23	2.362239e+01	
2018	7	9	15	23	3.361840e+01	
2018	7	9	15	23	4.366844e+01	
2018	7	9	15	23	5.369452e+01	
2018	7	9	15	24	3.820212e+00	
2018	7	9	15	24	1.385841e+01	
2018	7	9	15	24	2.390351e+01	
2018	7	9	15	24	3.394235e+01	
2018	7	9	15	24	4.397525e+01	
2018	7	9	15	24	5.401509e+01	
2018	7	9	15	25	4.047251e+00	
2018	7	9	15	25	1.408465e+01	
2018	7	9	15	25	2.413374e+01	
2018	7	9	15	25	3.415909e+01	
2018	7	9	15	25	4.421036e+01	
2018	7	9	15	25	5.425224e+01	
2018	7	9	15	26	4.283846e+00	
2018	7	9	15	26	1.431408e+01	
2018	7	9	15	26	2.433926e+01	
2018	7	9	15	26	3.437865e+01	
2018	7	9	15	26	4.442409e+01	
2018	7	9	15	26	5.446471e+01	
2018	7	9	15	27	4.514422e+00	
2018	7	9	15	27	1.454893e+01	
2018	7	9	15	27	2.458302e+01	
2018	7	9	15	27	3.463070e+01	
2018	7	9	15	27	4.470797e+01	
2018	7	9	15	27	5.476044e+01	
2018	7	9	15	28	4.799522e+00	
2018	7	9	15	28	1.483952e+01	
2018	7	9	15	28	2.487375e+01	
2018	7	9	15	28	3.491228e+01	
2018	7	9	15	28	4.494335e+01	
2018	7	9	15	28	5.497089e+01	
2018	7	9	15	29	5.002768e+00	
2018	7	9	15	29	1.503898e+01	
2018	7	9	15	29	2.506346e+01	
2018	7	9	15	29	3.510442e+01	
2018	7	9	15	29	4.515116e+01	
2018	7	9	15	29	5.520267e+01	
2018	7	9	15	30	5.234461e+00	
2018	7	9	15	30	1.526797e+01	
2018	7	9	15	30	2.530055e+01	
2018	7	9	15	30	3.534348e+01	
2018	7	9	15	30	4.537624e+01	
2018	7	9	15	30	5.541388e+01	
2018	7	9	15	31	5.460702e+00	
2018	7	9	15	31	1.549962e+01	
2018	7	9	15	31	2.553099e+01	
2018	7	9	15	31	3.556631e+01	
2018	7	9	15	31	4.562197e+01	
2018	7	9	15	31	5.566175e+01	
2018	7	9	15	32	5.701731e+00	
2018	7	9	15	32	1.574843e+01	
2018	7	9	15	32	2.579951e+01	
2018	7	9	15	32	3.584342e+01	
2018	7	9	15	32	4.589442e+01	
2018	7	9	15	32	5.592433e+01	
2018	7	9	15	33	5.952491e+00	
2018	7	9	15	33	1.600327e+01	
2018	7	9	15	33	2.605097e+01	
2018	7	9	15	33	3.611899e+01	
2018	7	9	15	33	4.615975e+01	
2018	7	9	15	33	5.621115e+01	
2018	7	9	15	34	6.239255e+00	
2018	7	9	15	34	1.628554e+01	
2018	7	9	15	34	2.632857e+01	
2018	7	9	15	34	3.636389e+01	
2018	7	9	15	34	4.641573e+01	
2018	7	9	15	34	5.645497e+01	
2018	7	9	15	35	6.509931e+00	
2018	7	9	15	35	1.654688e+01	
2018	7	9	15	35	2.659235e+01	
2018	7	9	15	35	3.664854e+01	
2018	7	9	15	35	4.669223e+01	
2018	7	9	15	35	5.674538e+01	
2018	7	9	15	36	6.793057e+00	
2018	7	9	15	36	1.682762e+01	
2018	7	9	15	36	2.686804e+01	
2018	7	9	15	36	3.690957e+01	
2018	7	9	15	36	4.696455e+01	
2018	7	9	15	36	5.700197e+01	
2018	7	9	15	37	5.360409e+00	
2018	7	9	15	37	1.540353e+01	
2018	7	9	15	37	2.545662e+01	
2018	7	9	15	37	3.549822e+01	
2018	7	9	15	37	4.554720e+01	
2018	7	9	15	37	5.560252e+01	
2018	7	9	15	38	5.657579e+00	
2018	7	9	15	38	1.587721e+01	
2018	7	9	15	38	2.591044e+01	
2018	7	9	15	38	3.595822e+01	
2018	7	9	15	38	4.599337e+01	
2018	7	9	15	38	5.602806e+01	
2018	7	9	15	39	6.064529e+00	
2018	7	9	15	39	1.610575e+01	
2018	7	9	15	39	2.615705e+01	
2018	7	9	15	39	3.620207e+01	
2018	7	9	15	39	4.656279e+01	
2018	7	9	15	47	2.682888e+01	
2018	7	9	15	47	3.686667e+01	
2018	7	9	15	47	4.691090e+01	
2018	7	9	15	47	5.696177e+01	
2018	7	9	15	48	7.005268e+00	
2018	7	9	15	48	1.706238e+01	
2018	7	9	15	48	2.710934e+01	
2018	7	9	15	48	3.716741e+01	
2018	7	9	15	48	4.722284e+01	
2018	7	9	15	48	5.727529e+01	
2018	7	9	15	49	7.337381e+00	
2018	7	9	15	49	1.740268e+01	
2018	7	9	15	49	2.745837e+01	
2018	7	9	15	49	3.751013e+01	
2018	7	9	15	49	4.755935e+01	
2018	7	9	15	49	5.762036e+01	
2018	7	9	15	50	7.673833e+00	
2018	7	9	15	50	1.771784e+01	
2018	7	9	15	50	2.778449e+01	
2018	7	9	15	50	3.782800e+01	
2018	7	9	15	50	4.788699e+01	
2018	7	9	15	50	5.792790e+01	
2018	7	9	15	51	8.010289e+00	
2018	7	9	15	51	1.807494e+01	
2018	7	9	15	51	2.813197e+01	
2018	7	9	15	51	3.818420e+01	
2018	7	9	15	51	4.824395e+01	
2018	7	9	15	51	5.830683e+01	
2018	7	9	15	52	8.356038e+00	
2018	7	9	15	52	1.840240e+01	
2018	7	9	15	52	2.846009e+01	
2018	7	9	15	52	3.850182e+01	
2018	7	9	15	52	4.854167e+01	
2018	7	9	15	52	5.860652e+01	
2018	7	9	15	53	8.656745e+00	
2018	7	9	15	53	1.871533e+01	
2018	7	9	15	53	2.879905e+01	
2018	7	9	15	53	3.889285e+01	
2018	7	9	15	53	4.896987e+01	
2018	7	9	15	53	5.902761e+01	
2018	7	9	15	54	9.101287e+00	
2018	7	9	15	54	1.918213e+01	
2018	7	9	15	54	2.927072e+01	
2018	7	9	15	54	3.931687e+01	
2018	7	9	15	54	4.937700e+01	
2018	7	9	15	54	5.943223e+01	
2018	7	9	15	55	9.470425e+00	
2018	7	9	15	55	1.953215e+01	
2018	7	9	15	55	2.959638e+01	
2018	7	9	15	55	3.965171e+01	
2018	7	9	15	55	4.970785e+01	
2018	7	9	15	55	5.975854e+01	
2018	7	9	15	56	9.815166e+00	
2018	7	9	15	56	1.986148e+01	
2018	7	9	15	56	2.992180e+01	
2018	7	9	15	56	3.997396e+01	
2018	7	9	15	56	5.003352e+01	
2018	7	9	15	57	8.857800e-02	
2018	7	9	15	57	1.014009e+01	
2018	7	9	15	57	2.020119e+01	
2018	7	9	15	57	3.024945e+01	
2018	7	9	15	57	4.028917e+01	
2018	7	9	15	57	5.034263e+01	
2018	7	9	15	58	4.083320e-01	
2018	7	9	15	58	1.045816e+01	
2018	7	9	15	58	2.051286e+01	
2018	7	9	15	58	3.057978e+01	
2018	7	9	15	58	4.063282e+01	
2018	7	9	15	58	5.067686e+01	
2018	7	9	15	59	7.380550e-01	
2018	7	9	15	59	1.079216e+01	
2018	7	9	15	59	2.086705e+01	
2018	7	9	15	59	3.092928e+01	
2018	7	9	15	59	4.098945e+01	
2018	7	9	15	59	5.105862e+01	
2018	7	9	16	0	1.110664e+00	
2018	7	9	16	0	1.117832e+01	
2018	7	9	16	0	2.123864e+01	
2018	7	9	16	0	3.129700e+01	
2018	7	9	16	0	4.136412e+01	
2018	7	9	16	0	5.141067e+01	
2018	7	9	16	1	1.466340e+00	
2018	7	9	16	1	1.152558e+01	
2018	7	9	16	1	2.158830e+01	
2018	7	9	16	1	3.166002e+01	
2018	7	9	16	1	4.171309e+01	
2018	7	9	16	1	5.176792e+01	
2018	7	9	16	2	1.832526e+00	
2018	7	9	16	2	1.190376e+01	
2018	7	9	16	2	2.197999e+01	
2018	7	9	16	2	3.203417e+01	
2018	7	9	16	2	4.208425e+01	
2018	7	9	16	2	5.215720e+01	
2018	7	9	16	3	2.223285e+00	
2018	7	9	16	3	1.227689e+01	
2018	7	9	16	3	2.234445e+01	
2018	7	9	16	3	3.240815e+01	
2018	7	9	16	3	4.246716e+01	
2018	7	9	16	3	5.252819e+01	
2018	7	9	16	4	2.592904e+00	
2018	7	9	16	4	1.266082e+01	
2018	7	9	16	4	2.273068e+01	
2018	7	9	16	4	3.281949e+01	
2018	7	9	16	4	4.287773e+01	
2018	7	9	16	4	5.293719e+01	
2018	7	9	16	5	2.990996e+00	
2018	7	9	16	5	1.304355e+01	
2018	7	9	16	5	2.311032e+01	
2018	7	9	16	5	3.317437e+01	
2018	7	9	16	5	4.322946e+01	
2018	7	9	16	5	5.328504e+01	
2018	7	9	16	6	3.359940e+00	
2018	7	9	16	6	1.342925e+01	
2018	7	9	16	6	2.347788e+01	
2018	7	9	16	6	3.355408e+01	
2018	7	9	16	6	4.361985e+01	
2018	7	9	16	6	5.368534e+01	
2018	7	9	16	7	3.750475e+00	
2018	7	9	16	7	1.381925e+01	
2018	7	9	16	7	2.388889e+01	
2018	7	9	16	7	3.395689e+01	
2018	7	9	16	7	4.403006e+01	
2018	7	9	16	7	5.408258e+01	
2018	7	9	16	8	4.140438e+00	
2018	7	9	16	8	1.420388e+01	
2018	7	9	16	8	2.427262e+01	
2018	7	9	16	8	3.433358e+01	
2018	7	9	16	8	4.440229e+01	
2018	7	9	16	8	5.445749e+01	
2018	7	9	16	9	4.519167e+00	
2018	7	9	16	9	1.459501e+01	
2018	7	9	16	9	2.465140e+01	
2018	7	9	16	9	3.472631e+01	
2018	7	9	16	9	4.479235e+01	
2018	7	9	16	9	5.486048e+01	
2018	7	9	16	10	4.942436e+00	
2018	7	9	16	10	1.501189e+01	
2018	7	9	16	10	2.508175e+01	
2018	7	9	16	10	3.515157e+01	
2018	7	9	16	10	4.522227e+01	
2018	7	9	16	10	5.528939e+01	
2018	7	9	16	11	5.369028e+00	
2018	7	9	16	11	1.543683e+01	
2018	7	9	16	11	2.553252e+01	
2018	7	9	16	11	3.560742e+01	
2018	7	9	16	11	4.568446e+01	
2018	7	9	16	11	5.576239e+01	
2018	7	9	16	12	5.847051e+00	
2018	7	9	16	12	1.593142e+01	
2018	7	9	16	12	2.601659e+01	
2018	7	9	16	12	3.611084e+01	
2018	7	9	16	12	4.619383e+01	
2018	7	9	16	12	5.627580e+01	
2018	7	9	16	13	6.368498e+00	
2018	7	9	16	13	1.646043e+01	
2018	7	9	16	13	2.652883e+01	
2018	7	9	16	13	3.661064e+01	
2018	7	9	16	13	4.670008e+01	
2018	7	9	16	13	5.678649e+01	
2018	7	9	16	14	6.870222e+00	
2018	7	9	16	14	1.695313e+01	
2018	7	9	16	14	2.704253e+01	
2018	7	9	16	14	3.710941e+01	
2018	7	9	16	14	4.717907e+01	
2018	7	9	16	14	5.725700e+01	
2018	7	9	16	15	7.330639e+00	
2018	7	9	16	15	1.741278e+01	
2018	7	9	16	15	2.749297e+01	
2018	7	9	16	15	3.756830e+01	
2018	7	9	16	15	4.765325e+01	
2018	7	9	16	15	5.773988e+01	
2018	7	9	16	16	7.814099e+00	
2018	7	9	16	16	1.789916e+01	
2018	7	9	16	16	2.797505e+01	
2018	7	9	16	16	3.806136e+01	
2018	7	9	16	16	4.814703e+01	
2018	7	9	16	16	5.823351e+01	
2018	7	9	16	17	8.325512e+00	
2018	7	9	16	17	1.840797e+01	
2018	7	9	16	17	2.849539e+01	
2018	7	9	16	17	3.857365e+01	
2018	7	9	16	17	4.865772e+01	
2018	7	9	16	17	5.872979e+01	
2018	7	9	16	18	8.805162e+00	
2018	7	9	16	18	1.888848e+01	
2018	7	9	16	18	2.897967e+01	
2018	7	9	16	18	3.906398e+01	
2018	7	9	16	18	4.915624e+01	
2018	7	9	16	18	5.925256e+01	
2018	7	9	16	19	9.347190e+00	
2018	7	9	16	19	1.944593e+01	
2018	7	9	16	19	2.953818e+01	
2018	7	9	16	19	3.964212e+01	
2018	7	9	16	19	4.023259e+01	
2018	7	9	16	19	5.029448e+01	
2018	7	9	16	20	3.481120e-01	
2018	7	9	16	20	1.039913e+01	
2018	7	9	16	20	2.045511e+01	
2018	7	9	16	20	3.051870e+01	
2018	7	9	16	20	4.057777e+01	
2018	7	9	16	20	5.063729e+01	
2018	7	9	16	21	6.807000e-01	
2018	7	9	16	21	1.073284e+01	
2018	7	9	16	21	2.078311e+01	
2018	7	9	16	21	3.084441e+01	
2018	7	9	16	21	4.089034e+01	
2018	7	9	16	21	5.096296e+01	
2018	7	9	16	22	1.018953e+00	
2018	7	9	16	22	1.107143e+01	
2018	7	9	16	22	2.110744e+01	
2018	7	9	16	22	3.115178e+01	
2018	7	9	16	22	4.119696e+01	
2018	7	9	16	22	5.124991e+01	
2018	7	9	16	23	1.296076e+00	
2018	7	9	16	23	1.133283e+01	
2018	7	9	16	23	2.139104e+01	
2018	7	9	16	23	3.143560e+01	
2018	7	9	16	23	4.149136e+01	
2018	7	9	16	23	5.154955e+01	
2018	7	9	16	24	1.610683e+00	
2018	7	9	16	24	1.167437e+01	
2018	7	9	16	24	2.172834e+01	
2018	7	9	16	24	3.176596e+01	
2018	7	9	16	24	4.181291e+01	
2018	7	9	16	24	5.186098e+01	
2018	7	9	16	25	1.894206e+00	
2018	7	9	16	25	1.194055e+01	
2018	7	9	16	25	2.198780e+01	
2018	7	9	16	25	3.203780e+01	
2018	7	9	16	25	4.207722e+01	
2018	7	9	16	25	5.212571e+01	
2018	7	9	16	26	2.164379e+00	
2018	7	9	16	26	1.219615e+01	
2018	7	9	16	26	2.224006e+01	
2018	7	9	16	26	3.227874e+01	
2018	7	9	16	26	4.231652e+01	
2018	7	9	16	26	5.234877e+01	
2018	7	9	16	27	2.380869e+00	
2018	7	9	16	27	1.241818e+01	
2018	7	9	16	27	2.246769e+01	
2018	7	9	16	27	3.251654e+01	
2018	7	9	16	27	4.254797e+01	
2018	7	9	16	27	5.258474e+01	
2018	7	9	16	28	2.628746e+00	
2018	7	9	16	28	1.266363e+01	
2018	7	9	16	28	2.270949e+01	
2018	7	9	16	28	3.274257e+01	
2018	7	9	16	28	4.279582e+01	
2018	7	9	16	28	5.283310e+01	
2018	7	9	16	29	2.880491e+00	
2018	7	9	16	29	1.291713e+01	
2018	7	9	16	29	2.296393e+01	
2018	7	9	16	29	3.300001e+01	
2018	7	9	16	29	4.304738e+01	
2018	7	9	16	29	5.309204e+01	
2018	7	9	16	30	3.135918e+00	
2018	7	9	16	30	1.317825e+01	
2018	7	9	16	30	2.323045e+01	
2018	7	9	16	30	3.326754e+01	
2018	7	9	16	30	4.331100e+01	
2018	7	9	16	30	5.334838e+01	
2018	7	9	16	31	3.396036e+00	
2018	7	9	16	31	1.343801e+01	
2018	7	9	16	31	2.348241e+01	
2018	7	9	16	31	3.353744e+01	
2018	7	9	16	31	4.359132e+01	
2018	7	9	16	31	5.363803e+01	
2018	7	9	16	32	3.691542e+00	
2018	7	9	16	32	1.372641e+01	
2018	7	9	16	32	2.376429e+01	
2018	7	9	16	32	3.381309e+01	
2018	7	9	16	32	4.384748e+01	
2018	7	9	16	32	5.389099e+01	
2018	7	9	16	33	3.942299e+00	
2018	7	9	16	33	1.398541e+01	
2018	7	9	16	33	2.402480e+01	
2018	7	9	16	33	3.406019e+01	
2018	7	9	16	33	4.410165e+01	
2018	7	9	16	33	5.414711e+01	
2018	7	9	16	34	4.189979e+00	
2018	7	9	16	34	1.423974e+01	
2018	7	9	16	34	2.428161e+01	
2018	7	9	16	34	3.431505e+01	
2018	7	9	16	34	4.435409e+01	
2018	7	9	16	34	5.440408e+01	
2018	7	9	16	35	4.438257e+00	
2018	7	9	16	35	1.448719e+01	
2018	7	9	16	35	2.452006e+01	
2018	7	9	16	35	3.455846e+01	
2018	7	9	16	35	4.460199e+01	
2018	7	9	16	35	5.464867e+01	
2018	7	9	16	36	4.695344e+00	
2018	7	9	16	36	1.473630e+01	
2018	7	9	16	36	2.476960e+01	
2018	7	9	16	36	3.497050e+01	
2018	7	9	16	36	4.500751e+01	
2018	7	9	16	36	5.506826e+01	
2018	7	9	16	37	5.137386e+00	
2018	7	9	16	37	1.517702e+01	
2018	7	9	16	37	2.521519e+01	
2018	7	9	16	37	3.526938e+01	
2018	7	9	16	37	4.532496e+01	
2018	7	9	16	37	5.536262e+01	
2018	7	9	16	38	5.403557e+00	
2018	7	9	16	38	1.545144e+01	
2018	7	9	16	38	2.549629e+01	
2018	7	9	16	38	3.553301e+01	
2018	7	9	16	38	4.558624e+01	
2018	7	9	16	38	5.564464e+01	
2018	7	9	16	39	5.690816e+00	
2018	7	9	16	39	1.575427e+01	
2018	7	9	16	39	2.579360e+01	
2018	7	9	16	39	3.583931e+01	
2018	7	9	16	39	4.589229e+01	
2018	7	9	16	39	5.593371e+01	
2018	7	9	16	40	5.972344e+00	
2018	7	9	16	40	1.603446e+01	
2018	7	9	16	40	2.606975e+01	
2018	7	9	16	40	3.610442e+01	
2018	7	9	16	40	4.615532e+01	
2018	7	9	16	40	5.618849e+01	
2018	7	9	16	41	6.230239e+00	
2018	7	9	16	41	1.627271e+01	
2018	7	9	16	41	2.631692e+01	
2018	7	9	16	41	3.635808e+01	
2018	7	9	16	41	4.640503e+01	
2018	7	9	16	41	5.643975e+01	
2018	7	9	16	42	6.483628e+00	
2018	7	9	16	42	1.653899e+01	
2018	7	9	16	42	2.658731e+01	
2018	7	9	16	42	3.663327e+01	
2018	7	9	16	42	4.666810e+01	
2018	7	9	16	42	5.671897e+01	
2018	7	9	16	43	6.761511e+00	
2018	7	9	16	43	1.679986e+01	
2018	7	9	16	43	2.682964e+01	
2018	7	9	16	43	3.687435e+01	
2018	7	9	16	43	4.691961e+01	
2018	7	9	16	43	5.695481e+01	
2018	7	9	16	44	6.989237e+00	
2018	7	9	16	44	1.703695e+01	
2018	7	9	16	44	2.707662e+01	
2018	7	9	16	44	3.711690e+01	
2018	7	9	16	44	4.714866e+01	
2018	7	9	16	44	5.719575e+01	
2018	7	9	16	45	7.240311e+00	
2018	7	9	16	45	1.728665e+01	
2018	7	9	16	45	2.732246e+01	
2018	7	9	16	45	3.735861e+01	
2018	7	9	16	45	4.740251e+01	
2018	7	9	16	45	5.743537e+01	
2018	7	9	16	46	7.477663e+00	
2018	7	9	16	46	1.752471e+01	
2018	7	9	16	46	2.756292e+01	
2018	7	9	16	46	3.759761e+01	
2018	7	9	16	46	4.764033e+01	
2018	7	9	16	46	5.767676e+01	
2018	7	9	16	47	7.715536e+00	
2018	7	9	16	47	1.774741e+01	
2018	7	9	16	47	2.777880e+01	
2018	7	9	16	47	3.782124e+01	
2018	7	9	16	47	4.786591e+01	
2018	7	9	16	47	5.789610e+01	
2018	7	9	16	48	7.935269e+00	
2018	7	9	16	48	1.797897e+01	
2018	7	9	16	48	2.802789e+01	
2018	7	9	16	48	3.807327e+01	
2018	7	9	16	48	4.810161e+01	
2018	7	9	16	48	5.813444e+01	
2018	7	9	16	49	8.172587e+00	
2018	7	9	16	49	1.820754e+01	
2018	7	9	16	49	2.824791e+01	
2018	7	9	16	49	3.827960e+01	
2018	7	9	16	49	4.831359e+01	
2018	7	9	16	49	5.835916e+01	
2018	7	9	16	50	8.393533e+00	
2018	7	9	16	50	1.842576e+01	
2018	7	9	16	50	2.847226e+01	
2018	7	9	16	50	3.852334e+01	
2018	7	9	16	50	4.857619e+01	
2018	7	9	16	50	5.861218e+01	
2018	7	9	16	51	8.890438e+00	
2018	7	9	16	51	1.892449e+01	
2018	7	9	16	51	2.897576e+01	
2018	7	9	16	51	3.901136e+01	
2018	7	9	16	51	4.905404e+01	
2018	7	9	16	51	5.909719e+01	
2018	7	9	16	52	9.135105e+00	
2018	7	9	16	52	1.917792e+01	
2018	7	9	16	52	2.923136e+01	
2018	7	9	16	52	3.925902e+01	
2018	7	9	16	52	4.930203e+01	
2018	7	9	16	52	5.933591e+01	
2018	7	9	16	53	9.370573e+00	
2018	7	9	16	53	1.940094e+01	
2018	7	9	16	53	2.944224e+01	
2018	7	9	16	53	3.948965e+01	
2018	7	9	16	53	4.954352e+01	
2018	7	9	16	53	5.959253e+01	
2018	7	9	16	54	9.633276e+00	
2018	7	9	16	54	1.967412e+01	
2018	7	9	16	54	2.973451e+01	
2018	7	9	16	54	3.978228e+01	
2018	7	9	16	54	4.982911e+01	
2018	7	9	16	54	5.986223e+01	
2018	7	9	16	55	9.901347e+00	
2018	7	9	16	55	1.995119e+01	
2018	7	9	16	55	2.999931e+01	
2018	7	9	16	55	4.004587e+01	
2018	7	9	16	55	5.009561e+01	
2018	7	9	16	56	1.417750e-01	
2018	7	9	16	56	1.018610e+01	
2018	7	9	16	56	2.023379e+01	
2018	7	9	16	56	3.027221e+01	
2018	7	9	16	56	4.031470e+01	
2018	7	9	16	56	5.036266e+01	
2018	7	9	16	57	4.007410e-01	
2018	7	9	16	57	1.044268e+01	
2018	7	9	16	57	2.048668e+01	
2018	7	9	16	57	3.053897e+01	
2018	7	9	16	57	4.057584e+01	
2018	7	9	16	57	5.063107e+01	
2018	7	9	16	58	6.796980e-01	
2018	7	9	16	58	1.073184e+01	
2018	7	9	16	58	2.077889e+01	
2018	7	9	16	58	3.081038e+01	
2018	7	9	16	58	4.085101e+01	
2018	7	9	16	58	5.089448e+01	
2018	7	9	16	59	9.374870e-01	
2018	7	9	16	59	1.097988e+01	
2018	7	9	16	59	2.100812e+01	
2018	7	9	16	59	3.105131e+01	
2018	7	9	16	59	4.109456e+01	
2018	7	9	16	59	5.113376e+01	
2018	7	9	17	0	1.170351e+00	
2018	7	9	17	0	1.120669e+01	
2018	7	9	17	0	2.125618e+01	
2018	7	9	17	0	3.130459e+01	
2018	7	9	17	0	4.135227e+01	
2018	7	9	17	0	5.140121e+01	
2018	7	9	17	1	1.436204e+00	
2018	7	9	17	1	1.147656e+01	
2018	7	9	17	1	2.152492e+01	
2018	7	9	17	1	3.157824e+01	
2018	7	9	17	1	4.162198e+01	
2018	7	9	17	1	5.167169e+01	
2018	7	9	17	2	1.721971e+00	
2018	7	9	17	2	1.176815e+01	
2018	7	9	17	2	2.181346e+01	
2018	7	9	17	2	3.184381e+01	
2018	7	9	17	2	4.187168e+01	
2018	7	9	17	2	5.191485e+01	
2018	7	9	17	3	1.969064e+00	
2018	7	9	17	3	1.200196e+01	
2018	7	9	17	3	2.205050e+01	
2018	7	9	17	3	3.208781e+01	
2018	7	9	17	3	4.212492e+01	
2018	7	9	17	3	5.216989e+01	
2018	7	9	17	4	2.229648e+00	
2018	7	9	17	4	1.226747e+01	
2018	7	9	17	4	2.231140e+01	
2018	7	9	17	4	3.236378e+01	
2018	7	9	17	4	4.239984e+01	
2018	7	9	17	4	5.243365e+01	
2018	7	9	17	5	2.475972e+00	
2018	7	9	17	5	1.252650e+01	
2018	7	9	17	5	2.258064e+01	
2018	7	9	17	5	3.262762e+01	
2018	7	9	17	5	4.266090e+01	
2018	7	9	17	5	5.270108e+01	
2018	7	9	17	6	2.741113e+00	
2018	7	9	17	6	1.277680e+01	
2018	7	9	17	6	2.282435e+01	
2018	7	9	17	6	3.287620e+01	
2018	7	9	17	6	4.292510e+01	
2018	7	9	17	6	5.297014e+01	
2018	7	9	17	7	3.001340e+00	
2018	7	9	17	7	1.304004e+01	
2018	7	9	17	7	2.307077e+01	
2018	7	9	17	7	3.311116e+01	
2018	7	9	17	7	4.316369e+01	
2018	7	9	17	7	5.321061e+01	
2018	7	9	17	8	3.304005e+00	
2018	7	9	17	8	1.333913e+01	
2018	7	9	17	8	2.338847e+01	
2018	7	9	17	8	3.342962e+01	
2018	7	9	17	8	4.347045e+01	
2018	7	9	17	8	5.350588e+01	
2018	7	9	17	9	3.544169e+00	
2018	7	9	17	9	1.357923e+01	
2018	7	9	17	9	2.362795e+01	
2018	7	9	17	9	3.366537e+01	
2018	7	9	17	9	4.370396e+01	
2018	7	9	17	9	5.376071e+01	
2018	7	9	17	10	3.803684e+00	
2018	7	9	17	10	1.384674e+01	
2018	7	9	17	10	2.388381e+01	
2018	7	9	17	10	3.393420e+01	
2018	7	9	17	10	4.398884e+01	
2018	7	9	17	10	5.403956e+01	
2018	7	9	17	11	4.083899e+00	
2018	7	9	17	11	1.413294e+01	
2018	7	9	17	11	2.417432e+01	
2018	7	9	17	11	3.421579e+01	
2018	7	9	17	11	4.425712e+01	
2018	7	9	17	11	5.430054e+01	
2018	7	9	17	12	4.350094e+00	
2018	7	9	17	12	1.438472e+01	
2018	7	9	17	12	2.450939e+01	
2018	7	9	17	12	3.452045e+01	
2018	7	9	17	12	4.456770e+01	
2018	7	9	17	12	5.462630e+01	
2018	7	9	17	13	4.682440e+00	
2018	7	9	17	13	1.474082e+01	
2018	7	9	17	13	2.478802e+01	
2018	7	9	17	13	3.483355e+01	
2018	7	9	17	13	4.487692e+01	
2018	7	9	17	13	5.491148e+01	
2018	7	9	17	14	4.967386e+00	
2018	7	9	17	14	1.501541e+01	
2018	7	9	17	14	2.508240e+01	
2018	7	9	17	14	3.512102e+01	
2018	7	9	17	14	4.516593e+01	
2018	7	9	17	14	5.519763e+01	
2018	7	9	17	15	5.237120e+00	
2018	7	9	17	15	1.528527e+01	
2018	7	9	17	15	2.532669e+01	
2018	7	9	17	15	3.536501e+01	
2018	7	9	17	15	4.540011e+01	
2018	7	9	17	15	5.545400e+01	
2018	7	9	17	16	5.499966e+00	
2018	7	9	17	16	1.554731e+01	
2018	7	9	17	16	2.558431e+01	
2018	7	9	17	16	3.561453e+01	
2018	7	9	17	16	4.565867e+01	
2018	7	9	17	16	5.570369e+01	
2018	7	9	17	17	5.751616e+00	
2018	7	9	17	17	1.580391e+01	
2018	7	9	17	17	2.585525e+01	
2018	7	9	17	17	3.590173e+01	
2018	7	9	17	17	4.593850e+01	
2018	7	9	17	17	5.599725e+01	
2018	7	9	17	18	6.044432e+00	
2018	7	9	17	18	1.609529e+01	
2018	7	9	17	18	2.613743e+01	
2018	7	9	17	18	3.617585e+01	
2018	7	9	17	18	4.623649e+01	
2018	7	9	17	18	5.628312e+01	
2018	7	9	17	19	6.336312e+00	
2018	7	9	17	19	1.639393e+01	
2018	7	9	17	19	2.645753e+01	
2018	7	9	17	19	3.652493e+01	
2018	7	9	17	19	4.657616e+01	
2018	7	9	17	19	5.662839e+01	
2018	7	9	17	20	6.679300e+00	
2018	7	9	17	20	1.673764e+01	
2018	7	9	17	20	2.678853e+01	
2018	7	9	17	20	3.684839e+01	
2018	7	9	17	20	4.691591e+01	
2018	7	9	17	20	5.697760e+01	
2018	7	9	17	21	7.032087e+00	
2018	7	9	17	21	1.706931e+01	
2018	7	9	17	21	2.711317e+01	
2018	7	9	17	21	3.716745e+01	
2018	7	9	17	21	4.720700e+01	
2018	7	9	17	21	5.724956e+01	
2018	7	9	17	22	7.284676e+00	
2018	7	9	17	22	1.733963e+01	
2018	7	9	17	22	2.739711e+01	
2018	7	9	17	22	3.744073e+01	
2018	7	9	17	22	4.750021e+01	
2018	7	9	17	22	5.755610e+01	
2018	7	9	17	23	7.620542e+00	
2018	7	9	17	23	1.767717e+01	
2018	7	9	17	23	2.772537e+01	
2018	7	9	17	23	3.779985e+01	
2018	7	9	17	23	4.785395e+01	
2018	7	9	17	23	5.791405e+01	
2018	7	9	17	24	7.976443e+00	
2018	7	9	17	24	1.803976e+01	
2018	7	9	17	24	2.808672e+01	
2018	7	9	17	24	3.814467e+01	
2018	7	9	17	24	4.820770e+01	
2018	7	9	17	24	5.825638e+01	
2018	7	9	17	25	8.302609e+00	
2018	7	9	17	25	1.835316e+01	
2018	7	9	17	25	2.841852e+01	
2018	7	9	17	25	3.847951e+01	
2018	7	9	17	25	4.850578e+01	
2018	7	9	17	25	5.855277e+01	
2018	7	9	17	26	8.600380e+00	
2018	7	9	17	26	1.865116e+01	
2018	7	9	17	26	2.871424e+01	
2018	7	9	17	26	3.876644e+01	
2018	7	9	17	26	4.887479e+01	
2018	7	9	17	26	5.887484e+01	
2018	7	9	17	27	8.944336e+00	
2018	7	9	17	27	1.899914e+01	
2018	7	9	17	27	2.906293e+01	
2018	7	9	17	27	3.912480e+01	
2018	7	9	17	27	4.919661e+01	
2018	7	9	17	27	5.924862e+01	
2018	7	9	17	28	9.307736e+00	
2018	7	9	17	28	1.937109e+01	
2018	7	9	17	28	2.943590e+01	
2018	7	9	17	28	3.946424e+01	
2018	7	9	17	28	4.951548e+01	
2018	7	9	17	28	5.958206e+01	
2018	7	9	17	29	9.636938e+00	
2018	7	9	17	29	1.969131e+01	
2018	7	9	17	29	2.974667e+01	
2018	7	9	17	29	3.979706e+01	
2018	7	9	17	29	4.984327e+01	
2018	7	9	17	29	5.990909e+01	
2018	7	9	17	30	9.967506e+00	
2018	7	9	17	30	2.001290e+01	
2018	7	9	17	30	3.008048e+01	
2018	7	9	17	30	4.015249e+01	
2018	7	9	17	30	5.021547e+01	
2018	7	9	17	31	2.812730e-01	
2018	7	9	17	31	1.033314e+01	
2018	7	9	17	31	2.039127e+01	
2018	7	9	17	31	3.043797e+01	
2018	7	9	17	31	4.050119e+01	
2018	7	9	17	31	5.054964e+01	
2018	7	9	17	32	6.045760e-01	
2018	7	9	17	32	1.068006e+01	
2018	7	9	17	32	2.072965e+01	
2018	7	9	17	32	3.077586e+01	
2018	7	9	17	32	4.082757e+01	
2018	7	9	17	32	5.088893e+01	
2018	7	9	17	33	9.696060e-01	
2018	7	9	17	33	1.102202e+01	
2018	7	9	17	33	2.107297e+01	
2018	7	9	17	33	3.111019e+01	
2018	7	9	17	33	4.117232e+01	
2018	7	9	17	33	5.123513e+01	
2018	7	9	17	34	1.289476e+00	
2018	7	9	17	34	1.135978e+01	
2018	7	9	17	34	2.141555e+01	
2018	7	9	17	34	3.145530e+01	
2018	7	9	17	34	4.149428e+01	
2018	7	9	17	34	5.155828e+01	
2018	7	9	17	35	1.599788e+00	
2018	7	9	17	35	1.165496e+01	
2018	7	9	17	35	2.171359e+01	
2018	7	9	17	35	3.176225e+01	
2018	7	9	17	35	4.181665e+01	
2018	7	9	17	35	5.187856e+01	
2018	7	9	17	36	1.936765e+00	
2018	7	9	17	36	1.199113e+01	
2018	7	9	17	36	2.204091e+01	
2018	7	9	17	36	3.209462e+01	
2018	7	9	17	36	4.213919e+01	
2018	7	9	17	36	5.217949e+01	
2018	7	9	17	37	2.237772e+00	
2018	7	9	17	37	1.229654e+01	
2018	7	9	17	37	2.236293e+01	
2018	7	9	17	37	3.242089e+01	
2018	7	9	17	37	4.247107e+01	
2018	7	9	17	37	5.251711e+01	
2018	7	9	17	38	2.573193e+00	
2018	7	9	17	38	1.263684e+01	
2018	7	9	17	38	2.268272e+01	
2018	7	9	17	38	3.272578e+01	
2018	7	9	17	38	4.278382e+01	
2018	7	9	17	38	5.283806e+01	
2018	7	9	17	39	2.900117e+00	
2018	7	9	17	39	1.295460e+01	
2018	7	9	17	39	2.301191e+01	
2018	7	9	17	39	3.306012e+01	
2018	7	9	17	39	4.309499e+01	
2018	7	9	17	39	5.313834e+01	
2018	7	9	17	40	3.198122e+00	
2018	7	9	17	40	1.324266e+01	
2018	7	9	17	40	2.328062e+01	
2018	7	9	17	40	3.332397e+01	
2018	7	9	17	40	4.336712e+01	
2018	7	9	17	40	5.344214e+01	
2018	7	9	17	41	3.481097e+00	
2018	7	9	17	41	1.352532e+01	
2018	7	9	17	41	2.357576e+01	
2018	7	9	17	41	3.362497e+01	
2018	7	9	17	41	4.366039e+01	
2018	7	9	17	41	5.369099e+01	
2018	7	9	17	42	3.720089e+00	
2018	7	9	17	42	1.376663e+01	
2018	7	9	17	42	2.380729e+01	
2018	7	9	17	42	3.383977e+01	
2018	7	9	17	42	4.388309e+01	
2018	7	9	17	42	5.393603e+01	
2018	7	9	17	43	3.979826e+00	
2018	7	9	17	43	1.401208e+01	
2018	7	9	17	43	2.406206e+01	
2018	7	9	17	43	3.410853e+01	
2018	7	9	17	43	4.422802e+01	
2018	7	9	17	43	5.426787e+01	
2018	7	9	17	44	4.307823e+00	
2018	7	9	17	44	1.434755e+01	
2018	7	9	17	44	2.439643e+01	
2018	7	9	17	44	3.443030e+01	
2018	7	9	17	44	4.448178e+01	
2018	7	9	17	44	5.460602e+01	
2018	7	9	17	45	4.627494e+00	
2018	7	9	17	45	1.467599e+01	
2018	7	9	17	45	2.473485e+01	
2018	7	9	17	45	3.479831e+01	
2018	7	9	17	45	4.487765e+01	
2018	7	9	17	45	5.492451e+01	
2018	7	9	17	46	5.006056e+00	
2018	7	9	17	46	1.506277e+01	
2018	7	9	17	46	2.513058e+01	
2018	7	9	17	46	3.520464e+01	
2018	7	9	17	46	4.526134e+01	
2018	7	9	17	46	5.532783e+01	
2018	7	9	17	47	5.399768e+00	
2018	7	9	17	47	1.546095e+01	
2018	7	9	17	47	2.551780e+01	
2018	7	9	17	47	3.557775e+01	
2018	7	9	17	47	4.563786e+01	
2018	7	9	17	47	5.569405e+01	
2018	7	9	17	48	5.764091e+00	
2018	7	9	17	48	1.583014e+01	
2018	7	9	17	48	2.588941e+01	
2018	7	9	17	48	3.596071e+01	
2018	7	9	17	48	4.603043e+01	
2018	7	9	17	48	5.608870e+01	
2018	7	9	17	49	6.141447e+00	
2018	7	9	17	49	1.618982e+01	
2018	7	9	17	49	2.624529e+01	
2018	7	9	17	49	3.628785e+01	
2018	7	9	17	49	4.636236e+01	
2018	7	9	17	49	5.641253e+01	
2018	7	9	17	50	6.480467e+00	
2018	7	9	17	50	1.653138e+01	
2018	7	9	17	50	2.663673e+01	
2018	7	9	17	50	3.669036e+01	
2018	7	9	17	50	4.674504e+01	
2018	7	9	17	50	5.680128e+01	
2018	7	9	17	51	6.854492e+00	
2018	7	9	17	51	1.692195e+01	
2018	7	9	17	51	2.699231e+01	
2018	7	9	17	51	3.707391e+01	
2018	7	9	17	51	4.713467e+01	
2018	7	9	17	51	5.719119e+01	
2018	7	9	17	52	7.241156e+00	
2018	7	9	17	52	1.730951e+01	
2018	7	9	17	52	2.736159e+01	
2018	7	9	17	52	3.742533e+01	
2018	7	9	17	52	4.747089e+01	
2018	7	9	17	52	5.752742e+01	
2018	7	9	17	53	7.576857e+00	
2018	7	9	17	53	1.764265e+01	
2018	7	9	17	53	2.768915e+01	
2018	7	9	17	53	3.776168e+01	
2018	7	9	17	53	4.781357e+01	
2018	7	9	17	53	5.787578e+01	
2018	7	9	17	54	7.928365e+00	
2018	7	9	17	54	1.798960e+01	
2018	7	9	17	54	2.804690e+01	
2018	7	9	17	54	3.811279e+01	
2018	7	9	17	54	4.817914e+01	
2018	7	9	17	54	5.824361e+01	
2018	7	9	17	55	8.321270e+00	
2018	7	9	17	55	1.839103e+01	
2018	7	9	17	55	2.846745e+01	
2018	7	9	17	55	3.853900e+01	
2018	7	9	17	55	4.860715e+01	
2018	7	9	17	55	5.866921e+01	
2018	7	9	17	56	8.709804e+00	
2018	7	9	17	56	1.876593e+01	
2018	7	9	17	56	2.882987e+01	
2018	7	9	17	56	3.888123e+01	
2018	7	9	17	56	4.892822e+01	
2018	7	9	17	56	5.897381e+01	
2018	7	9	17	57	9.031924e+00	
2018	7	9	17	57	1.907827e+01	
2018	7	9	17	57	2.913730e+01	
2018	7	9	17	57	3.919788e+01	
2018	7	9	17	57	4.924491e+01	
2018	7	9	17	57	5.930320e+01	
2018	7	9	17	58	9.349911e+00	
2018	7	9	17	58	1.939963e+01	
2018	7	9	17	58	2.944043e+01	
2018	7	9	17	58	3.949154e+01	
2018	7	9	17	58	4.954816e+01	
2018	7	9	17	58	5.961890e+01	
2018	7	9	17	59	9.680078e+00	
2018	7	9	17	59	1.972572e+01	
2018	7	9	17	59	2.977861e+01	
2018	7	9	17	59	3.985243e+01	
2018	7	9	17	59	4.991239e+01	
2018	7	9	17	59	5.996995e+01	
2018	7	9	18	0	1.002110e+01	
2018	7	9	18	0	2.006933e+01	
2018	7	9	18	0	3.012093e+01	
2018	7	9	18	0	4.017851e+01	
2018	7	9	18	0	5.024767e+01	
2018	7	9	18	1	2.933120e-01	
2018	7	9	18	1	1.033725e+01	
2018	7	9	18	1	2.039579e+01	
2018	7	9	18	1	3.045690e+01	
2018	7	9	18	1	4.051149e+01	
2018	7	9	18	1	5.056239e+01	
2018	7	9	18	2	6.274900e-01	
2018	7	9	18	2	1.069321e+01	
2018	7	9	18	2	2.075352e+01	
2018	7	9	18	2	3.080347e+01	
2018	7	9	18	2	4.085299e+01	
2018	7	9	18	2	5.091903e+01	
2018	7	9	18	3	9.829540e-01	
2018	7	9	18	3	1.105025e+01	
2018	7	9	18	3	2.111023e+01	
2018	7	9	18	3	3.117824e+01	
2018	7	9	18	3	4.123574e+01	
2018	7	9	18	3	5.129754e+01	
2018	7	9	18	4	1.371687e+00	
2018	7	9	18	4	1.141244e+01	
2018	7	9	18	4	2.148472e+01	
2018	7	9	18	4	3.156256e+01	
2018	7	9	18	4	4.161335e+01	
2018	7	9	18	4	5.166932e+01	
2018	7	9	18	5	1.722874e+00	
2018	7	9	18	5	1.176743e+01	
2018	7	9	18	5	2.181453e+01	
2018	7	9	18	5	3.187523e+01	
2018	7	9	18	5	4.193499e+01	
2018	7	9	18	5	5.198641e+01	
2018	7	9	18	6	2.034712e+00	
2018	7	9	18	6	1.209413e+01	
2018	7	9	18	6	2.216770e+01	
2018	7	9	18	6	3.222032e+01	
2018	7	9	18	6	4.228296e+01	
2018	7	9	18	6	5.234349e+01	
2018	7	9	18	7	2.399986e+00	
2018	7	9	18	7	1.244293e+01	
2018	7	9	18	7	2.252467e+01	
2018	7	9	18	7	3.258379e+01	
2018	7	9	18	7	4.262824e+01	
2018	7	9	18	7	5.270030e+01	
2018	7	9	18	8	2.761128e+00	
2018	7	9	18	8	1.281699e+01	
2018	7	9	18	8	2.288757e+01	
2018	7	9	18	8	3.295226e+01	
2018	7	9	18	8	4.300778e+01	
2018	7	9	18	8	5.306475e+01	
2018	7	9	18	9	3.130446e+00	
2018	7	9	18	9	1.318722e+01	
2018	7	9	18	9	2.323350e+01	
2018	7	9	18	9	3.330264e+01	
2018	7	9	18	9	4.335951e+01	
2018	7	9	18	9	5.343189e+01	
2018	7	9	18	10	3.475498e+00	
2018	7	9	18	10	1.354151e+01	
2018	7	9	18	10	2.360141e+01	
2018	7	9	18	10	3.367072e+01	
2018	7	9	18	10	4.372163e+01	
2018	7	9	18	10	5.379156e+01	
2018	7	9	18	11	3.859926e+00	
2018	7	9	18	11	1.391818e+01	
2018	7	9	18	11	2.397055e+01	
2018	7	9	18	11	3.401526e+01	
2018	7	9	18	11	4.408078e+01	
2018	7	9	18	11	5.414369e+01	
2018	7	9	18	12	4.211147e+00	
2018	7	9	18	12	1.428400e+01	
2018	7	9	18	12	2.434282e+01	
2018	7	9	18	12	3.439907e+01	
2018	7	9	18	12	4.446325e+01	
2018	7	9	18	12	5.452130e+01	
2018	7	9	18	13	4.575991e+00	
2018	7	9	18	13	1.462658e+01	
2018	7	9	18	13	2.470144e+01	
2018	7	9	18	13	3.475539e+01	
2018	7	9	18	13	4.480727e+01	
2018	7	9	18	13	5.487470e+01	
2018	7	9	18	14	4.938465e+00	
2018	7	9	18	14	1.498286e+01	
2018	7	9	18	14	2.502768e+01	
2018	7	9	18	14	3.508150e+01	
2018	7	9	18	14	4.512437e+01	
2018	7	9	18	14	5.515563e+01	
2018	7	9	18	15	5.208634e+00	
2018	7	9	18	15	1.525628e+01	
2018	7	9	18	15	2.529295e+01	
2018	7	9	18	15	3.534370e+01	
2018	7	9	18	15	4.538486e+01	
2018	7	9	18	15	5.545335e+01	
2018	7	9	18	16	5.556144e+00	
2018	7	9	18	16	1.559986e+01	
2018	7	9	18	16	2.565058e+01	
2018	7	9	18	16	3.569944e+01	
2018	7	9	18	16	4.574670e+01	
2018	7	9	18	16	5.578406e+01	
2018	7	9	18	17	5.832738e+00	
2018	7	9	18	17	1.587724e+01	
2018	7	9	18	17	2.591909e+01	
2018	7	9	18	17	3.596687e+01	
2018	7	9	18	17	4.600021e+01	
2018	7	9	18	17	5.605293e+01	
2018	7	9	18	18	6.107185e+00	
2018	7	9	18	18	1.616301e+01	
2018	7	9	18	18	2.621171e+01	
2018	7	9	18	18	3.624419e+01	
2018	7	9	18	18	4.628892e+01	
2018	7	9	18	18	5.634014e+01	
2018	7	9	18	19	6.373539e+00	
2018	7	9	18	19	1.640897e+01	
2018	7	9	18	19	2.646075e+01	
2018	7	9	18	19	3.649715e+01	
2018	7	9	18	19	4.655278e+01	
2018	7	9	18	19	5.658829e+01	
2018	7	9	18	20	6.634744e+00	
2018	7	9	18	20	1.667826e+01	
2018	7	9	18	20	2.671698e+01	
2018	7	9	18	20	3.675588e+01	
2018	7	9	18	20	4.680228e+01	
2018	7	9	18	20	5.685522e+01	
2018	7	9	18	21	6.891548e+00	
2018	7	9	18	21	1.692718e+01	
2018	7	9	18	21	2.696808e+01	
2018	7	9	18	21	3.701675e+01	
2018	7	9	18	21	4.705806e+01	
2018	7	9	18	21	5.712237e+01	
2018	7	9	18	22	7.173154e+00	
2018	7	9	18	22	1.720932e+01	
2018	7	9	18	22	2.723987e+01	
2018	7	9	18	22	3.728785e+01	
2018	7	9	18	22	4.732485e+01	
2018	7	9	18	22	5.737055e+01	
2018	7	9	18	23	7.412972e+00	
2018	7	9	18	23	1.744797e+01	
2018	7	9	18	23	2.750349e+01	
2018	7	9	18	23	3.753881e+01	
2018	7	9	18	23	4.759155e+01	
2018	7	9	18	23	5.762435e+01	
2018	7	9	18	24	7.668375e+00	
2018	7	9	18	24	1.771641e+01	
2018	7	9	18	24	2.775415e+01	
2018	7	9	18	24	3.780632e+01	
2018	7	9	18	24	4.786017e+01	
2018	7	9	18	24	5.792477e+01	
2018	7	9	18	25	7.968446e+00	
2018	7	9	18	25	1.800247e+01	
2018	7	9	18	25	2.804487e+01	
2018	7	9	18	25	3.807996e+01	
2018	7	9	18	25	4.812430e+01	
2018	7	9	18	25	5.815249e+01	
2018	7	9	18	26	8.196215e+00	
2018	7	9	18	26	1.823395e+01	
2018	7	9	18	26	2.826485e+01	
2018	7	9	18	26	3.831442e+01	
2018	7	9	18	26	4.835316e+01	
2018	7	9	18	26	5.838824e+01	
2018	7	9	18	27	8.428773e+00	
2018	7	9	18	27	1.847398e+01	
2018	7	9	18	27	2.851858e+01	
2018	7	9	18	27	3.856710e+01	
2018	7	9	18	27	4.861324e+01	
2018	7	9	18	27	5.865810e+01	
2018	7	9	18	28	8.704829e+00	
2018	7	9	18	28	1.873494e+01	
2018	7	9	18	28	2.878024e+01	
2018	7	9	18	28	3.880815e+01	
2018	7	9	18	28	4.885129e+01	
2018	7	9	18	28	5.888892e+01	
2018	7	9	18	29	8.938164e+00	
2018	7	9	18	29	1.898394e+01	
2018	7	9	18	29	2.902695e+01	
2018	7	9	18	29	3.906663e+01	
2018	7	9	18	29	4.911252e+01	
2018	7	9	18	29	5.915360e+01	
2018	7	9	18	30	9.186333e+00	
2018	7	9	18	30	1.922439e+01	
2018	7	9	18	30	2.926253e+01	
2018	7	9	18	30	3.931022e+01	
2018	7	9	18	30	4.935091e+01	
2018	7	9	18	30	5.938616e+01	
2018	7	9	18	31	9.429184e+00	
2018	7	9	18	31	1.946743e+01	
2018	7	9	18	31	2.951315e+01	
2018	7	9	18	31	3.955356e+01	
2018	7	9	18	31	4.959797e+01	
2018	7	9	18	31	5.964232e+01	
2018	7	9	18	32	9.675315e+00	
2018	7	9	18	32	1.971687e+01	
2018	7	9	18	32	2.976989e+01	
2018	7	9	18	32	3.980897e+01	
2018	7	9	18	32	4.984273e+01	
2018	7	9	18	32	5.988140e+01	
2018	7	9	18	33	9.928387e+00	
2018	7	9	18	33	2.010235e+01	
2018	7	9	18	33	3.015939e+01	
2018	7	9	18	33	4.021025e+01	
2018	7	9	18	33	5.024577e+01	
2018	7	9	18	34	2.935060e-01	
2018	7	9	18	34	1.033786e+01	
2018	7	9	18	34	2.037881e+01	
2018	7	9	18	34	3.043503e+01	
2018	7	9	18	34	4.047507e+01	
2018	7	9	18	34	5.050578e+01	
2018	7	9	18	35	5.444050e-01	
2018	7	9	18	35	1.058709e+01	
2018	7	9	18	35	2.063161e+01	
2018	7	9	18	35	3.068048e+01	
2018	7	9	18	35	4.071636e+01	
2018	7	9	18	35	5.075776e+01	
2018	7	9	18	36	8.014040e-01	
2018	7	9	18	36	1.083327e+01	
2018	7	9	18	36	2.087718e+01	
2018	7	9	18	36	3.091557e+01	
2018	7	9	18	36	4.094589e+01	
2018	7	9	18	36	5.097749e+01	
2018	7	9	18	37	1.031605e+00	
2018	7	9	18	37	1.107920e+01	
2018	7	9	18	37	2.112261e+01	
2018	7	9	18	37	3.116938e+01	
2018	7	9	18	37	4.120363e+01	
2018	7	9	18	37	5.124536e+01	
2018	7	9	18	38	1.286602e+00	
2018	7	9	18	38	1.132332e+01	
2018	7	9	18	38	2.135722e+01	
2018	7	9	18	38	3.139851e+01	
2018	7	9	18	38	4.144664e+01	
2018	7	9	18	38	5.150228e+01	
2018	7	9	18	39	1.541954e+00	
2018	7	9	18	39	1.157631e+01	
2018	7	9	18	39	2.162240e+01	
2018	7	9	18	39	3.166934e+01	
2018	7	9	18	39	4.171431e+01	
2018	7	9	18	39	5.175574e+01	
2018	7	9	18	40	1.793265e+00	
2018	7	9	18	40	1.184073e+01	
2018	7	9	18	40	2.188309e+01	
2018	7	9	18	40	3.193228e+01	
2018	7	9	18	40	4.197122e+01	
2018	7	9	18	40	5.200624e+01	
2018	7	9	18	41	2.039838e+00	
2018	7	9	18	41	1.209524e+01	
2018	7	9	18	41	2.214061e+01	
2018	7	9	18	41	3.218328e+01	
2018	7	9	18	41	4.230471e+01	
2018	7	9	18	41	5.230587e+01	
2018	7	9	18	42	2.436046e+00	
2018	7	9	18	42	1.247992e+01	
2018	7	9	18	42	2.253178e+01	
2018	7	9	18	42	3.257251e+01	
2018	7	9	18	42	4.260240e+01	
2018	7	9	18	42	5.264643e+01	
2018	7	9	18	43	2.693916e+00	
2018	7	9	18	43	1.272692e+01	
2018	7	9	18	43	2.276976e+01	
2018	7	9	18	43	3.280890e+01	
2018	7	9	18	43	4.283950e+01	
2018	7	9	18	43	5.287982e+01	
2018	7	9	18	44	2.929232e+00	
2018	7	9	18	44	1.298266e+01	
2018	7	9	18	44	2.302175e+01	
2018	7	9	18	44	3.306287e+01	
2018	7	9	18	44	4.310616e+01	
2018	7	9	18	44	5.314572e+01	
2018	7	9	18	45	3.183852e+00	
2018	7	9	18	45	1.322358e+01	
2018	7	9	18	45	2.327576e+01	
2018	7	9	18	45	3.332000e+01	
2018	7	9	18	45	4.335596e+01	
2018	7	9	18	45	5.338893e+01	
2018	7	9	18	46	3.439955e+00	
2018	7	9	18	46	1.346984e+01	
2018	7	9	18	46	2.350219e+01	
2018	7	9	18	46	3.353922e+01	
2018	7	9	18	46	4.360281e+01	
2018	7	9	18	46	5.363795e+01	
2018	7	9	18	47	3.681159e+00	
2018	7	9	18	47	1.372638e+01	
2018	7	9	18	47	2.376713e+01	
2018	7	9	18	47	3.380058e+01	
2018	7	9	18	47	4.384078e+01	
2018	7	9	18	47	5.388370e+01	
2018	7	9	18	48	3.918789e+00	
2018	7	9	18	48	1.395246e+01	
2018	7	9	18	48	2.399456e+01	
2018	7	9	18	48	3.402801e+01	
2018	7	9	18	48	4.415567e+01	
2018	7	9	18	48	5.419536e+01	
2018	7	9	18	49	4.243995e+00	
2018	7	9	18	49	1.428130e+01	
2018	7	9	18	49	2.432303e+01	
2018	7	9	18	49	3.437627e+01	
2018	7	9	18	49	4.442312e+01	
2018	7	9	18	49	5.446266e+01	
2018	7	9	18	50	4.495316e+00	
2018	7	9	18	50	1.453758e+01	
2018	7	9	18	50	2.460093e+01	
2018	7	9	18	50	3.466031e+01	
2018	7	9	18	50	4.470919e+01	
2018	7	9	18	50	5.474312e+01	
2018	7	9	18	51	4.781982e+00	
2018	7	9	18	51	1.483042e+01	
2018	7	9	18	51	2.486401e+01	
2018	7	9	18	51	3.491526e+01	
2018	7	9	18	51	4.496033e+01	
2018	7	9	18	51	5.502252e+01	
2018	7	9	18	52	5.077745e+00	
2018	7	9	18	52	1.511484e+01	
2018	7	9	18	52	2.515402e+01	
2018	7	9	18	52	3.520743e+01	
2018	7	9	18	52	4.524400e+01	
2018	7	9	18	52	5.529217e+01	
2018	7	9	18	53	5.327760e+00	
2018	7	9	18	53	1.536162e+01	
2018	7	9	18	53	2.539993e+01	
2018	7	9	18	53	3.545681e+01	
2018	7	9	18	53	4.550750e+01	
2018	7	9	18	53	5.556026e+01	
2018	7	9	18	54	5.591434e+00	
2018	7	9	18	54	1.564797e+01	
2018	7	9	18	54	2.568057e+01	
2018	7	9	18	54	3.571854e+01	
2018	7	9	18	54	4.576748e+01	
2018	7	9	18	54	5.580152e+01	
2018	7	9	18	55	5.850134e+00	
2018	7	9	18	55	1.605658e+01	
2018	7	9	18	55	2.625267e+01	
2018	7	9	18	55	3.644648e+01	
2018	7	9	18	55	4.665333e+01	
2018	7	9	18	55	5.685624e+01	
2018	7	9	18	56	7.059483e+00	
2018	7	9	18	56	1.726922e+01	
2018	7	9	18	56	2.747759e+01	
2018	7	9	18	56	3.769411e+01	
2018	7	9	18	56	4.789603e+01	
2018	7	9	18	56	5.811222e+01	
2018	7	9	18	57	8.314096e+00	
2018	7	9	18	57	1.851584e+01	
2018	7	9	18	57	2.873696e+01	
2018	7	9	18	57	3.894168e+01	
2018	7	9	18	57	4.914147e+01	
2018	7	9	18	57	5.934261e+01	
2018	7	9	18	58	9.538662e+00	
2018	7	9	18	58	1.974604e+01	
2018	7	9	18	58	2.995518e+01	
2018	7	9	18	58	4.017369e+01	
2018	7	9	18	58	5.038336e+01	
2018	7	9	18	59	5.794890e-01	
2018	7	9	18	59	1.079031e+01	
2018	7	9	18	59	2.100180e+01	
2018	7	9	18	59	3.121015e+01	
2018	7	9	18	59	4.141967e+01	
2018	7	9	18	59	5.161624e+01	
2018	7	9	19	0	1.824188e+00	
2018	7	9	19	0	1.202423e+01	
2018	7	9	19	0	2.224049e+01	
2018	7	9	19	0	3.244734e+01	
2018	7	9	19	0	4.264998e+01	
2018	7	9	19	0	5.285806e+01	
2018	7	9	19	1	3.060282e+00	
2018	7	9	19	1	1.327161e+01	
2018	7	9	19	1	2.347115e+01	
2018	7	9	19	1	3.367529e+01	
2018	7	9	19	1	4.388810e+01	
2018	7	9	19	1	5.410591e+01	
2018	7	9	19	2	4.490670e+00	
2018	7	9	19	2	1.468510e+01	
2018	7	9	19	2	2.490200e+01	
2018	7	9	19	2	3.511487e+01	
2018	7	9	19	2	4.532221e+01	
2018	7	9	19	2	5.552858e+01	
2018	7	9	19	3	5.739876e+00	
2018	7	9	19	3	1.593869e+01	
2018	7	9	19	3	2.614504e+01	
2018	7	9	19	3	3.635294e+01	
2018	7	9	19	3	4.655943e+01	
2018	7	9	19	3	5.676485e+01	
2018	7	9	19	4	6.969320e+00	
2018	7	9	19	4	1.716605e+01	
2018	7	9	19	4	2.737587e+01	
2018	7	9	19	4	3.757934e+01	
2018	7	9	19	4	4.777218e+01	
2018	7	9	19	4	5.797531e+01	
2018	7	9	19	5	8.177409e+00	
2018	7	9	19	5	1.839405e+01	
2018	7	9	19	5	2.859293e+01	
2018	7	9	19	5	3.880372e+01	
2018	7	9	19	5	4.900443e+01	
2018	7	9	19	5	5.921948e+01	
2018	7	9	19	6	9.413012e+00	
2018	7	9	19	6	1.962251e+01	
2018	7	9	19	6	2.981910e+01	
2018	7	9	19	6	4.002862e+01	
2018	7	9	19	6	5.024050e+01	
2018	7	9	19	7	4.547660e-01	
2018	7	9	19	7	1.066079e+01	
2018	7	9	19	7	2.086644e+01	
2018	7	9	19	7	3.107172e+01	
2018	7	9	19	7	4.127748e+01	
2018	7	9	19	7	5.148334e+01	
2018	7	9	19	8	1.689748e+00	
2018	7	9	19	8	1.189354e+01	
2018	7	9	19	8	2.211550e+01	
2018	7	9	19	8	3.231692e+01	
2018	7	9	19	8	4.252552e+01	
2018	7	9	19	8	5.274226e+01	
2018	7	9	19	9	2.939731e+00	
2018	7	9	19	9	1.315253e+01	
2018	7	9	19	9	2.335663e+01	
2018	7	9	19	9	3.355749e+01	
2018	7	9	19	9	4.376627e+01	
2018	7	9	19	9	5.398662e+01	
2018	7	9	19	10	4.185144e+00	
2018	7	9	19	10	1.439452e+01	
2018	7	9	19	10	2.459267e+01	
2018	7	9	19	10	3.480082e+01	
2018	7	9	19	10	4.500786e+01	
2018	7	9	19	10	5.521447e+01	
2018	7	9	19	11	5.417381e+00	
2018	7	9	19	11	1.563040e+01	
2018	7	9	19	11	2.582381e+01	
2018	7	9	19	11	3.603194e+01	
2018	7	9	19	11	4.623234e+01	
2018	7	9	19	11	5.643250e+01	
2018	7	9	19	12	6.649885e+00	
2018	7	9	19	12	1.686642e+01	
2018	7	9	19	12	2.707927e+01	
2018	7	9	19	12	3.729780e+01	
2018	7	9	19	12	4.749430e+01	
2018	7	9	19	12	5.770020e+01	
2018	7	9	19	13	7.912348e+00	
2018	7	9	19	13	1.812175e+01	
2018	7	9	19	13	2.832585e+01	
2018	7	9	19	13	3.852360e+01	
2018	7	9	19	13	4.874638e+01	
2018	7	9	19	13	5.894505e+01	
2018	7	9	19	14	9.166533e+00	
2018	7	9	19	14	1.938291e+01	
2018	7	9	19	14	2.959631e+01	
2018	7	9	19	14	3.979734e+01	
2018	7	9	19	14	4.998946e+01	
2018	7	9	19	15	1.993230e-01	
2018	7	9	19	15	1.039976e+01	
2018	7	9	19	15	2.060468e+01	
2018	7	9	19	15	3.081595e+01	
2018	7	9	19	15	4.103181e+01	
2018	7	9	19	15	5.123924e+01	
2018	7	9	19	16	1.446198e+00	
2018	7	9	19	16	1.165596e+01	
2018	7	9	19	16	2.186658e+01	
2018	7	9	19	16	3.207520e+01	
2018	7	9	19	16	4.229107e+01	
2018	7	9	19	16	5.250284e+01	
2018	7	9	19	17	2.703759e+00	
2018	7	9	19	17	1.291211e+01	
2018	7	9	19	17	2.311969e+01	
2018	7	9	19	17	3.334063e+01	
2018	7	9	19	17	4.354619e+01	
2018	7	9	19	17	5.374953e+01	
2018	7	9	19	18	3.954071e+00	
2018	7	9	19	18	1.415824e+01	
2018	7	9	19	18	2.437164e+01	
2018	7	9	19	18	3.456809e+01	
2018	7	9	19	18	4.477467e+01	
2018	7	9	19	18	5.498221e+01	
2018	7	9	19	19	5.185561e+00	
2018	7	9	19	19	1.539414e+01	
2018	7	9	19	19	2.560389e+01	
2018	7	9	19	19	3.580575e+01	
2018	7	9	19	19	4.601209e+01	
2018	7	9	19	19	5.621141e+01	
2018	7	9	19	20	6.420466e+00	
2018	7	9	19	20	1.663183e+01	
2018	7	9	19	20	2.682560e+01	
2018	7	9	19	20	3.703153e+01	
2018	7	9	19	20	4.724652e+01	
2018	7	9	19	20	5.746290e+01	
2018	7	9	19	21	7.659008e+00	
2018	7	9	19	21	1.786803e+01	
2018	7	9	19	21	2.806625e+01	
2018	7	9	19	21	3.827723e+01	
2018	7	9	19	21	4.847494e+01	
2018	7	9	19	21	5.868065e+01	
2018	7	9	19	22	8.881836e+00	
2018	7	9	19	22	1.908801e+01	
2018	7	9	19	22	2.929936e+01	
2018	7	9	19	22	3.950346e+01	
2018	7	9	19	22	4.972509e+01	
2018	7	9	19	22	5.998499e+01	
2018	7	9	19	23	1.021767e+01	
2018	7	9	19	23	2.055060e+01	
2018	7	9	19	23	3.085480e+01	
2018	7	9	19	23	4.106816e+01	
2018	7	9	19	23	5.138222e+01	
