2018	7	9	14	21	2.727340e+01	
2018	7	9	14	21	3.751712e+01	
2018	7	9	14	21	4.752115e+01	
2018	7	9	14	21	5.754266e+01	
2018	7	9	14	22	7.557626e+00	
2018	7	9	14	22	1.756910e+01	
2018	7	9	14	22	2.757969e+01	
2018	7	9	14	22	3.760340e+01	
2018	7	9	14	22	4.761353e+01	
2018	7	9	14	22	5.762280e+01	
2018	7	9	14	23	7.650323e+00	
2018	7	9	14	23	1.765987e+01	
2018	7	9	14	23	2.768166e+01	
2018	7	9	14	23	3.770818e+01	
2018	7	9	14	23	4.773609e+01	
2018	7	9	14	23	5.775782e+01	
2018	7	9	14	24	7.770140e+00	
2018	7	9	14	24	1.778536e+01	
2018	7	9	14	24	2.781357e+01	
2018	7	9	14	24	3.784228e+01	
2018	7	9	14	24	4.785630e+01	
2018	7	9	14	24	5.786593e+01	
2018	7	9	14	25	7.892849e+00	
2018	7	9	14	25	1.790580e+01	
2018	7	9	14	25	2.792527e+01	
2018	7	9	14	25	3.795615e+01	
2018	7	9	14	25	4.797155e+01	
2018	7	9	14	25	5.800271e+01	
2018	7	9	14	26	8.025354e+00	
2018	7	9	14	26	1.805261e+01	
2018	7	9	14	26	2.807487e+01	
2018	7	9	14	26	3.808682e+01	
2018	7	9	14	26	4.811286e+01	
2018	7	9	14	26	5.812889e+01	
2018	7	9	14	27	8.152835e+00	
2018	7	9	14	27	1.817669e+01	
2018	7	9	14	27	2.819807e+01	
2018	7	9	14	27	3.822406e+01	
2018	7	9	14	27	4.824855e+01	
2018	7	9	14	27	5.828120e+01	
2018	7	9	14	28	8.297068e+00	
2018	7	9	14	28	1.832372e+01	
2018	7	9	14	28	2.835696e+01	
2018	7	9	14	28	3.839347e+01	
2018	7	9	14	28	4.840865e+01	
2018	7	9	14	28	5.843581e+01	
2018	7	9	14	29	8.450188e+00	
2018	7	9	14	29	1.846603e+01	
2018	7	9	14	29	2.848612e+01	
2018	7	9	14	29	3.851866e+01	
2018	7	9	14	29	4.855102e+01	
2018	7	9	14	29	5.856234e+01	
2018	7	9	14	30	8.585309e+00	
2018	7	9	14	30	1.861867e+01	
2018	7	9	14	30	2.863620e+01	
2018	7	9	14	30	3.866580e+01	
2018	7	9	14	30	4.868380e+01	
2018	7	9	14	30	5.870615e+01	
2018	7	9	14	31	8.728379e+00	
2018	7	9	14	31	1.875399e+01	
2018	7	9	14	31	2.877001e+01	
2018	7	9	14	31	3.879920e+01	
2018	7	9	14	31	4.883751e+01	
2018	7	9	14	31	5.885402e+01	
2018	7	9	14	32	8.872104e+00	
2018	7	9	14	32	1.890152e+01	
2018	7	9	14	32	2.893712e+01	
2018	7	9	14	32	3.895659e+01	
2018	7	9	14	32	4.897134e+01	
2018	7	9	14	32	5.899643e+01	
2018	7	9	14	33	9.017505e+00	
2018	7	9	14	33	1.904549e+01	
2018	7	9	14	33	2.908133e+01	
2018	7	9	14	33	3.911274e+01	
2018	7	9	14	33	4.914239e+01	
2018	7	9	14	33	5.916533e+01	
2018	7	9	14	34	9.198708e+00	
2018	7	9	14	34	1.922287e+01	
2018	7	9	14	34	2.925304e+01	
2018	7	9	14	34	3.929125e+01	
2018	7	9	14	34	4.931587e+01	
2018	7	9	14	34	5.935016e+01	
2018	7	9	14	35	9.385087e+00	
2018	7	9	14	35	1.941556e+01	
2018	7	9	14	35	2.945098e+01	
2018	7	9	14	35	3.948274e+01	
2018	7	9	14	35	4.951647e+01	
2018	7	9	14	35	5.953387e+01	
2018	7	9	14	36	9.552762e+00	
2018	7	9	14	36	1.958602e+01	
2018	7	9	14	36	2.962364e+01	
2018	7	9	14	36	3.964040e+01	
2018	7	9	14	36	4.966334e+01	
2018	7	9	14	36	5.969593e+01	
2018	7	9	14	37	9.731977e+00	
2018	7	9	14	37	1.977690e+01	
2018	7	9	14	37	2.980759e+01	
2018	7	9	14	37	3.983949e+01	
2018	7	9	14	37	4.987991e+01	
2018	7	9	14	37	5.991114e+01	
2018	7	9	14	38	9.931575e+00	
2018	7	9	14	38	1.995811e+01	
2018	7	9	14	38	2.998542e+01	
2018	7	9	14	38	4.002587e+01	
2018	7	9	14	38	5.006206e+01	
2018	7	9	14	39	8.704700e-02	
2018	7	9	14	39	1.011581e+01	
2018	7	9	14	39	2.013311e+01	
2018	7	9	14	39	3.016464e+01	
2018	7	9	14	39	4.019157e+01	
2018	7	9	14	39	5.022095e+01	
2018	7	9	15	23	1.468134e+01	
2018	7	9	15	23	2.353516e+01	
2018	7	9	15	23	3.359379e+01	
2018	7	9	15	23	4.362838e+01	
2018	7	9	15	23	5.367230e+01	
2018	7	9	15	24	3.785079e+00	
2018	7	9	15	24	1.383437e+01	
2018	7	9	15	24	2.388111e+01	
2018	7	9	15	24	3.391142e+01	
2018	7	9	15	24	4.394759e+01	
2018	7	9	15	24	5.398906e+01	
2018	7	9	15	25	4.018793e+00	
2018	7	9	15	25	1.405993e+01	
2018	7	9	15	25	2.410384e+01	
2018	7	9	15	25	3.412885e+01	
2018	7	9	15	25	4.418024e+01	
2018	7	9	15	25	5.421666e+01	
2018	7	9	15	26	4.252521e+00	
2018	7	9	15	26	1.428322e+01	
2018	7	9	15	26	2.431471e+01	
2018	7	9	15	26	3.435127e+01	
2018	7	9	15	26	4.439437e+01	
2018	7	9	15	26	5.443624e+01	
2018	7	9	15	27	4.482482e+00	
2018	7	9	15	27	1.452026e+01	
2018	7	9	15	27	2.454733e+01	
2018	7	9	15	27	3.459376e+01	
2018	7	9	15	27	4.464549e+01	
2018	7	9	15	27	5.471991e+01	
2018	7	9	15	28	4.765512e+00	
2018	7	9	15	28	1.481081e+01	
2018	7	9	15	28	2.483836e+01	
2018	7	9	15	28	3.488241e+01	
2018	7	9	15	28	4.491756e+01	
2018	7	9	15	28	5.494260e+01	
2018	7	9	15	29	4.975440e+00	
2018	7	9	15	29	1.500864e+01	
2018	7	9	15	29	2.503552e+01	
2018	7	9	15	29	3.506557e+01	
2018	7	9	15	29	4.512425e+01	
2018	7	9	15	29	5.516964e+01	
2018	7	9	15	30	5.204111e+00	
2018	7	9	15	30	1.523594e+01	
2018	7	9	15	30	2.526644e+01	
2018	7	9	15	30	3.531055e+01	
2018	7	9	15	30	4.533867e+01	
2018	7	9	15	30	5.537742e+01	
2018	7	9	15	31	5.433703e+00	
2018	7	9	15	31	1.547232e+01	
2018	7	9	15	31	2.550143e+01	
2018	7	9	15	31	3.553338e+01	
2018	7	9	15	31	4.558499e+01	
2018	7	9	15	31	5.562628e+01	
2018	7	9	15	32	5.665336e+00	
2018	7	9	15	32	1.571946e+01	
2018	7	9	15	32	2.576637e+01	
2018	7	9	15	32	3.580758e+01	
2018	7	9	15	32	4.586179e+01	
2018	7	9	15	32	5.589106e+01	
2018	7	9	15	33	5.922722e+00	
2018	7	9	15	33	1.596772e+01	
2018	7	9	15	33	2.601255e+01	
2018	7	9	15	33	3.606502e+01	
2018	7	9	15	33	4.612431e+01	
2018	7	9	15	33	5.617886e+01	
2018	7	9	15	34	6.207794e+00	
2018	7	9	15	34	1.625095e+01	
2018	7	9	15	34	2.629089e+01	
2018	7	9	15	34	3.632985e+01	
2018	7	9	15	34	4.638010e+01	
2018	7	9	15	34	5.641926e+01	
2018	7	9	15	35	6.476781e+00	
2018	7	9	15	35	1.651227e+01	
2018	7	9	15	35	2.655556e+01	
2018	7	9	15	35	3.661421e+01	
2018	7	9	15	35	4.665621e+01	
2018	7	9	15	35	5.671223e+01	
2018	7	9	15	36	6.755877e+00	
2018	7	9	15	36	1.679055e+01	
2018	7	9	15	36	2.683658e+01	
2018	7	9	15	36	3.687470e+01	
2018	7	9	15	36	4.692238e+01	
2018	7	9	15	36	5.696294e+01	
2018	7	9	15	37	5.321878e+00	
2018	7	9	15	37	1.536713e+01	
2018	7	9	15	37	2.541787e+01	
2018	7	9	15	37	3.545990e+01	
2018	7	9	15	37	4.551415e+01	
2018	7	9	15	37	5.556437e+01	
2018	7	9	15	38	5.618900e+00	
2018	7	9	15	38	1.566680e+01	
2018	7	9	15	38	2.587228e+01	
2018	7	9	15	38	3.592177e+01	
2018	7	9	15	38	4.596009e+01	
2018	7	9	15	38	5.599416e+01	
2018	7	9	15	39	6.031303e+00	
2018	7	9	15	39	1.606740e+01	
2018	7	9	15	39	2.612205e+01	
2018	7	9	15	39	3.616803e+01	
2018	7	9	15	39	4.622402e+01	
2018	7	9	15	47	2.651651e+01	
2018	7	9	15	47	3.682930e+01	
2018	7	9	15	47	4.687100e+01	
2018	7	9	15	47	5.692269e+01	
2018	7	9	15	48	6.961145e+00	
2018	7	9	15	48	1.701471e+01	
2018	7	9	15	48	2.707096e+01	
2018	7	9	15	48	3.712418e+01	
2018	7	9	15	48	4.716809e+01	
2018	7	9	15	48	5.723515e+01	
2018	7	9	15	49	7.276363e+00	
2018	7	9	15	49	1.733240e+01	
2018	7	9	15	49	2.740745e+01	
2018	7	9	15	49	3.746838e+01	
2018	7	9	15	49	4.751232e+01	
2018	7	9	15	49	5.758015e+01	
2018	7	9	15	50	7.620127e+00	
2018	7	9	15	50	1.767861e+01	
2018	7	9	15	50	2.773936e+01	
2018	7	9	15	50	3.778466e+01	
2018	7	9	15	50	4.784141e+01	
2018	7	9	15	50	5.788544e+01	
2018	7	9	15	51	7.936765e+00	
2018	7	9	15	51	1.802587e+01	
2018	7	9	15	51	2.808684e+01	
2018	7	9	15	51	3.813170e+01	
2018	7	9	15	51	4.819566e+01	
2018	7	9	15	51	5.826112e+01	
2018	7	9	15	52	8.307873e+00	
2018	7	9	15	52	1.835357e+01	
2018	7	9	15	52	2.842192e+01	
2018	7	9	15	52	3.845828e+01	
2018	7	9	15	52	4.850076e+01	
2018	7	9	15	52	5.855841e+01	
2018	7	9	15	53	8.609996e+00	
2018	7	9	15	53	1.867236e+01	
2018	7	9	15	53	2.872834e+01	
2018	7	9	15	53	3.881071e+01	
2018	7	9	15	53	4.890134e+01	
2018	7	9	15	53	5.898028e+01	
2018	7	9	15	54	9.026084e+00	
2018	7	9	15	54	1.911071e+01	
2018	7	9	15	54	2.919263e+01	
2018	7	9	15	54	3.927301e+01	
2018	7	9	15	54	4.932520e+01	
2018	7	9	15	54	5.938259e+01	
2018	7	9	15	55	9.428689e+00	
2018	7	9	15	55	1.948269e+01	
2018	7	9	15	55	2.954756e+01	
2018	7	9	15	55	3.961133e+01	
2018	7	9	15	55	4.966310e+01	
2018	7	9	15	55	5.971667e+01	
2018	7	9	15	56	9.774700e+00	
2018	7	9	15	56	1.981818e+01	
2018	7	9	15	56	2.987933e+01	
2018	7	9	15	56	3.992412e+01	
2018	7	9	15	56	4.998629e+01	
2018	7	9	15	57	3.830300e-02	
2018	7	9	15	57	1.009076e+01	
2018	7	9	15	57	2.015803e+01	
2018	7	9	15	57	3.020614e+01	
2018	7	9	15	57	4.024746e+01	
2018	7	9	15	57	5.028623e+01	
2018	7	9	15	58	3.641560e-01	
2018	7	9	15	58	1.040913e+01	
2018	7	9	15	58	2.046761e+01	
2018	7	9	15	58	3.052877e+01	
2018	7	9	15	58	4.058275e+01	
2018	7	9	15	58	5.063268e+01	
2018	7	9	15	59	6.903580e-01	
2018	7	9	15	59	1.074400e+01	
2018	7	9	15	59	2.080409e+01	
2018	7	9	15	59	3.088486e+01	
2018	7	9	15	59	4.094126e+01	
2018	7	9	15	59	5.100155e+01	
2018	7	9	16	0	1.057081e+00	
2018	7	9	16	0	1.112318e+01	
2018	7	9	16	0	2.118896e+01	
2018	7	9	16	0	3.125292e+01	
2018	7	9	16	0	4.130930e+01	
2018	7	9	16	0	5.136613e+01	
2018	7	9	16	1	1.418738e+00	
2018	7	9	16	1	1.147582e+01	
2018	7	9	16	1	2.153628e+01	
2018	7	9	16	1	3.159848e+01	
2018	7	9	16	1	4.166073e+01	
2018	7	9	16	1	5.172379e+01	
2018	7	9	16	2	1.785123e+00	
2018	7	9	16	2	1.185299e+01	
2018	7	9	16	2	2.192521e+01	
2018	7	9	16	2	3.198221e+01	
2018	7	9	16	2	4.203475e+01	
2018	7	9	16	2	5.210573e+01	
2018	7	9	16	3	2.169441e+00	
2018	7	9	16	3	1.222213e+01	
2018	7	9	16	3	2.229325e+01	
2018	7	9	16	3	3.235728e+01	
2018	7	9	16	3	4.242124e+01	
2018	7	9	16	3	5.248059e+01	
2018	7	9	16	4	2.536438e+00	
2018	7	9	16	4	1.261014e+01	
2018	7	9	16	4	2.267600e+01	
2018	7	9	16	4	3.272965e+01	
2018	7	9	16	4	4.282121e+01	
2018	7	9	16	4	5.288614e+01	
2018	7	9	16	5	2.939580e+00	
2018	7	9	16	5	1.299485e+01	
2018	7	9	16	5	2.305309e+01	
2018	7	9	16	5	3.311614e+01	
2018	7	9	16	5	4.317966e+01	
2018	7	9	16	5	5.322942e+01	
2018	7	9	16	6	3.302705e+00	
2018	7	9	16	6	1.336300e+01	
2018	7	9	16	6	2.342685e+01	
2018	7	9	16	6	3.349598e+01	
2018	7	9	16	6	4.356238e+01	
2018	7	9	16	6	5.363567e+01	
2018	7	9	16	7	3.690985e+00	
2018	7	9	16	7	1.376417e+01	
2018	7	9	16	7	2.383519e+01	
2018	7	9	16	7	3.390187e+01	
2018	7	9	16	7	4.397320e+01	
2018	7	9	16	7	5.402962e+01	
2018	7	9	16	8	4.086979e+00	
2018	7	9	16	8	1.415230e+01	
2018	7	9	16	8	2.421979e+01	
2018	7	9	16	8	3.428189e+01	
2018	7	9	16	8	4.434774e+01	
2018	7	9	16	8	5.440379e+01	
2018	7	9	16	9	4.460015e+00	
2018	7	9	16	9	1.454000e+01	
2018	7	9	16	9	2.459560e+01	
2018	7	9	16	9	3.466033e+01	
2018	7	9	16	9	4.472298e+01	
2018	7	9	16	9	5.479328e+01	
2018	7	9	16	10	4.879880e+00	
2018	7	9	16	10	1.494569e+01	
2018	7	9	16	10	2.501378e+01	
2018	7	9	16	10	3.508756e+01	
2018	7	9	16	10	4.515694e+01	
2018	7	9	16	10	5.522226e+01	
2018	7	9	16	11	5.298384e+00	
2018	7	9	16	11	1.536920e+01	
2018	7	9	16	11	2.545476e+01	
2018	7	9	16	11	3.553896e+01	
2018	7	9	16	11	4.561698e+01	
2018	7	9	16	11	5.569582e+01	
2018	7	9	16	12	5.779176e+00	
2018	7	9	16	12	1.585822e+01	
2018	7	9	16	12	2.594871e+01	
2018	7	9	16	12	3.603442e+01	
2018	7	9	16	12	4.612355e+01	
2018	7	9	16	12	5.620531e+01	
2018	7	9	16	13	6.291696e+00	
2018	7	9	16	13	1.638482e+01	
2018	7	9	16	13	2.645717e+01	
2018	7	9	16	13	3.653556e+01	
2018	7	9	16	13	4.662702e+01	
2018	7	9	16	13	5.671504e+01	
2018	7	9	16	14	6.799691e+00	
2018	7	9	16	14	1.688053e+01	
2018	7	9	16	14	2.697074e+01	
2018	7	9	16	14	3.704046e+01	
2018	7	9	16	14	4.710743e+01	
2018	7	9	16	14	5.718211e+01	
2018	7	9	16	15	7.263339e+00	
2018	7	9	16	15	1.733139e+01	
2018	7	9	16	15	2.741656e+01	
2018	7	9	16	15	3.749612e+01	
2018	7	9	16	15	4.757396e+01	
2018	7	9	16	15	5.766463e+01	
2018	7	9	16	16	7.738653e+00	
2018	7	9	16	16	1.782672e+01	
2018	7	9	16	16	2.790029e+01	
2018	7	9	16	16	3.798599e+01	
2018	7	9	16	16	4.807032e+01	
2018	7	9	16	16	5.815646e+01	
2018	7	9	16	17	8.252946e+00	
2018	7	9	16	17	1.833385e+01	
2018	7	9	16	17	2.841914e+01	
2018	7	9	16	17	3.849640e+01	
2018	7	9	16	17	4.858217e+01	
2018	7	9	16	17	5.865550e+01	
2018	7	9	16	18	8.730930e+00	
2018	7	9	16	18	1.881409e+01	
2018	7	9	16	18	2.890151e+01	
2018	7	9	16	18	3.898839e+01	
2018	7	9	16	18	4.908071e+01	
2018	7	9	16	18	5.917218e+01	
2018	7	9	16	19	9.264660e+00	
2018	7	9	16	19	1.936281e+01	
2018	7	9	16	19	2.945337e+01	
2018	7	9	16	19	3.955546e+01	
2018	7	9	16	19	4.017972e+01	
2018	7	9	16	19	5.025199e+01	
2018	7	9	16	20	2.938610e-01	
2018	7	9	16	20	1.034972e+01	
2018	7	9	16	20	2.041382e+01	
2018	7	9	16	20	3.046185e+01	
2018	7	9	16	20	4.052502e+01	
2018	7	9	16	20	5.057727e+01	
2018	7	9	16	21	6.321650e-01	
2018	7	9	16	21	1.069177e+01	
2018	7	9	16	21	2.073933e+01	
2018	7	9	16	21	3.080157e+01	
2018	7	9	16	21	4.084491e+01	
2018	7	9	16	21	5.090854e+01	
2018	7	9	16	22	9.701900e-01	
2018	7	9	16	22	1.102216e+01	
2018	7	9	16	22	2.106876e+01	
2018	7	9	16	22	3.111751e+01	
2018	7	9	16	22	4.115750e+01	
2018	7	9	16	22	5.120865e+01	
2018	7	9	16	23	1.262623e+00	
2018	7	9	16	23	1.129613e+01	
2018	7	9	16	23	2.135333e+01	
2018	7	9	16	23	3.140220e+01	
2018	7	9	16	23	4.145572e+01	
2018	7	9	16	23	5.150673e+01	
2018	7	9	16	24	1.564144e+00	
2018	7	9	16	24	1.162151e+01	
2018	7	9	16	24	2.169665e+01	
2018	7	9	16	24	3.173010e+01	
2018	7	9	16	24	4.177582e+01	
2018	7	9	16	24	5.182262e+01	
2018	7	9	16	25	1.860387e+00	
2018	7	9	16	25	1.190442e+01	
2018	7	9	16	25	2.195605e+01	
2018	7	9	16	25	3.200238e+01	
2018	7	9	16	25	4.204205e+01	
2018	7	9	16	25	5.208703e+01	
2018	7	9	16	26	2.127569e+00	
2018	7	9	16	26	1.216392e+01	
2018	7	9	16	26	2.220443e+01	
2018	7	9	16	26	3.224927e+01	
2018	7	9	16	26	4.228319e+01	
2018	7	9	16	26	5.231600e+01	
2018	7	9	16	27	2.348556e+00	
2018	7	9	16	27	1.238715e+01	
2018	7	9	16	27	2.243460e+01	
2018	7	9	16	27	3.248229e+01	
2018	7	9	16	27	4.251547e+01	
2018	7	9	16	27	5.254842e+01	
2018	7	9	16	28	2.588771e+00	
2018	7	9	16	28	1.262645e+01	
2018	7	9	16	28	2.267583e+01	
2018	7	9	16	28	3.270770e+01	
2018	7	9	16	28	4.275458e+01	
2018	7	9	16	28	5.279682e+01	
2018	7	9	16	29	2.848818e+00	
2018	7	9	16	29	1.288309e+01	
2018	7	9	16	29	2.292508e+01	
2018	7	9	16	29	3.296753e+01	
2018	7	9	16	29	4.301567e+01	
2018	7	9	16	29	5.305756e+01	
2018	7	9	16	30	3.105431e+00	
2018	7	9	16	30	1.314614e+01	
2018	7	9	16	30	2.319097e+01	
2018	7	9	16	30	3.323229e+01	
2018	7	9	16	30	4.327357e+01	
2018	7	9	16	30	5.331705e+01	
2018	7	9	16	31	3.358188e+00	
2018	7	9	16	31	1.339832e+01	
2018	7	9	16	31	2.344546e+01	
2018	7	9	16	31	3.350226e+01	
2018	7	9	16	31	4.355451e+01	
2018	7	9	16	31	5.360667e+01	
2018	7	9	16	32	3.654603e+00	
2018	7	9	16	32	1.369402e+01	
2018	7	9	16	32	2.372892e+01	
2018	7	9	16	32	3.377890e+01	
2018	7	9	16	32	4.381383e+01	
2018	7	9	16	32	5.385408e+01	
2018	7	9	16	33	3.906801e+00	
2018	7	9	16	33	1.394857e+01	
2018	7	9	16	33	2.399149e+01	
2018	7	9	16	33	3.402487e+01	
2018	7	9	16	33	4.406936e+01	
2018	7	9	16	33	5.411596e+01	
2018	7	9	16	34	4.158895e+00	
2018	7	9	16	34	1.420621e+01	
2018	7	9	16	34	2.424840e+01	
2018	7	9	16	34	3.427966e+01	
2018	7	9	16	34	4.432314e+01	
2018	7	9	16	34	5.436227e+01	
2018	7	9	16	35	4.405784e+00	
2018	7	9	16	35	1.445415e+01	
2018	7	9	16	35	2.448683e+01	
2018	7	9	16	35	3.452156e+01	
2018	7	9	16	35	4.456556e+01	
2018	7	9	16	35	5.461234e+01	
2018	7	9	16	36	4.659517e+00	
2018	7	9	16	36	1.470233e+01	
2018	7	9	16	36	2.473292e+01	
2018	7	9	16	36	3.488300e+01	
2018	7	9	16	36	4.495078e+01	
2018	7	9	16	36	5.501608e+01	
2018	7	9	16	37	5.084015e+00	
2018	7	9	16	37	1.514403e+01	
2018	7	9	16	37	2.517578e+01	
2018	7	9	16	37	3.522908e+01	
2018	7	9	16	37	4.528156e+01	
2018	7	9	16	37	5.532204e+01	
2018	7	9	16	38	5.368570e+00	
2018	7	9	16	38	1.541468e+01	
2018	7	9	16	38	2.545541e+01	
2018	7	9	16	38	3.549731e+01	
2018	7	9	16	38	4.554697e+01	
2018	7	9	16	38	5.559363e+01	
2018	7	9	16	39	5.651857e+00	
2018	7	9	16	39	1.570365e+01	
2018	7	9	16	39	2.575165e+01	
2018	7	9	16	39	3.580028e+01	
2018	7	9	16	39	4.585560e+01	
2018	7	9	16	39	5.589211e+01	
2018	7	9	16	40	5.933634e+00	
2018	7	9	16	40	1.598863e+01	
2018	7	9	16	40	2.603595e+01	
2018	7	9	16	40	3.606706e+01	
2018	7	9	16	40	4.612281e+01	
2018	7	9	16	40	5.615713e+01	
2018	7	9	16	41	6.194040e+00	
2018	7	9	16	41	1.623910e+01	
2018	7	9	16	41	2.628194e+01	
2018	7	9	16	41	3.632482e+01	
2018	7	9	16	41	4.636811e+01	
2018	7	9	16	41	5.640238e+01	
2018	7	9	16	42	6.441826e+00	
2018	7	9	16	42	1.650657e+01	
2018	7	9	16	42	2.654995e+01	
2018	7	9	16	42	3.659581e+01	
2018	7	9	16	42	4.663618e+01	
2018	7	9	16	42	5.668236e+01	
2018	7	9	16	43	6.725734e+00	
2018	7	9	16	43	1.676825e+01	
2018	7	9	16	43	2.679736e+01	
2018	7	9	16	43	3.684253e+01	
2018	7	9	16	43	4.688896e+01	
2018	7	9	16	43	5.691950e+01	
2018	7	9	16	44	6.954085e+00	
2018	7	9	16	44	1.700629e+01	
2018	7	9	16	44	2.704442e+01	
2018	7	9	16	44	3.708374e+01	
2018	7	9	16	44	4.711840e+01	
2018	7	9	16	44	5.716021e+01	
2018	7	9	16	45	7.206765e+00	
2018	7	9	16	45	1.725426e+01	
2018	7	9	16	45	2.729070e+01	
2018	7	9	16	45	3.732689e+01	
2018	7	9	16	45	4.737188e+01	
2018	7	9	16	45	5.740408e+01	
2018	7	9	16	46	7.443967e+00	
2018	7	9	16	46	1.749112e+01	
2018	7	9	16	46	2.753071e+01	
2018	7	9	16	46	3.756292e+01	
2018	7	9	16	46	4.760974e+01	
2018	7	9	16	46	5.764162e+01	
2018	7	9	16	47	7.684160e+00	
2018	7	9	16	47	1.771431e+01	
2018	7	9	16	47	2.774807e+01	
2018	7	9	16	47	3.778438e+01	
2018	7	9	16	47	4.783498e+01	
2018	7	9	16	47	5.786576e+01	
2018	7	9	16	48	7.904093e+00	
2018	7	9	16	48	1.794233e+01	
2018	7	9	16	48	2.799616e+01	
2018	7	9	16	48	3.804061e+01	
2018	7	9	16	48	4.807021e+01	
2018	7	9	16	48	5.810249e+01	
2018	7	9	16	49	8.136850e+00	
2018	7	9	16	49	1.817367e+01	
2018	7	9	16	49	2.821696e+01	
2018	7	9	16	49	3.824937e+01	
2018	7	9	16	49	4.828131e+01	
2018	7	9	16	49	5.832791e+01	
2018	7	9	16	50	8.362881e+00	
2018	7	9	16	50	1.839365e+01	
2018	7	9	16	50	2.843003e+01	
2018	7	9	16	50	3.849222e+01	
2018	7	9	16	50	4.853999e+01	
2018	7	9	16	50	5.858226e+01	
2018	7	9	16	51	8.842763e+00	
2018	7	9	16	51	1.889008e+01	
2018	7	9	16	51	2.893950e+01	
2018	7	9	16	51	3.897862e+01	
2018	7	9	16	51	4.901601e+01	
2018	7	9	16	51	5.906529e+01	
2018	7	9	16	52	9.100665e+00	
2018	7	9	16	52	1.914437e+01	
2018	7	9	16	52	2.919152e+01	
2018	7	9	16	52	3.922701e+01	
2018	7	9	16	52	4.926180e+01	
2018	7	9	16	52	5.930297e+01	
2018	7	9	16	53	9.336233e+00	
2018	7	9	16	53	1.936838e+01	
2018	7	9	16	53	2.940037e+01	
2018	7	9	16	53	3.944434e+01	
2018	7	9	16	53	4.949489e+01	
2018	7	9	16	53	5.955963e+01	
2018	7	9	16	54	9.598190e+00	
2018	7	9	16	54	1.963423e+01	
2018	7	9	16	54	2.968572e+01	
2018	7	9	16	54	3.973355e+01	
2018	7	9	16	54	4.978208e+01	
2018	7	9	16	54	5.983048e+01	
2018	7	9	16	55	9.869897e+00	
2018	7	9	16	55	1.991789e+01	
2018	7	9	16	55	2.996503e+01	
2018	7	9	16	55	4.000837e+01	
2018	7	9	16	55	5.006120e+01	
2018	7	9	16	56	1.036900e-01	
2018	7	9	16	56	1.014979e+01	
2018	7	9	16	56	2.020126e+01	
2018	7	9	16	56	3.024110e+01	
2018	7	9	16	56	4.028261e+01	
2018	7	9	16	56	5.032411e+01	
2018	7	9	16	57	3.642420e-01	
2018	7	9	16	57	1.041068e+01	
2018	7	9	16	57	2.044553e+01	
2018	7	9	16	57	3.050353e+01	
2018	7	9	16	57	4.053936e+01	
2018	7	9	16	57	5.059312e+01	
2018	7	9	16	58	6.488990e-01	
2018	7	9	16	58	1.069764e+01	
2018	7	9	16	58	2.074871e+01	
2018	7	9	16	58	3.077874e+01	
2018	7	9	16	58	4.081676e+01	
2018	7	9	16	58	5.085783e+01	
2018	7	9	16	59	9.019170e-01	
2018	7	9	16	59	1.094485e+01	
2018	7	9	16	59	2.097725e+01	
2018	7	9	16	59	3.101941e+01	
2018	7	9	16	59	4.105979e+01	
2018	7	9	16	59	5.110263e+01	
2018	7	9	17	0	1.139279e+00	
2018	7	9	17	0	1.117227e+01	
2018	7	9	17	0	2.121945e+01	
2018	7	9	17	0	3.127316e+01	
2018	7	9	17	0	4.132031e+01	
2018	7	9	17	0	5.136213e+01	
2018	7	9	17	1	1.404351e+00	
2018	7	9	17	1	1.143811e+01	
2018	7	9	17	1	2.148659e+01	
2018	7	9	17	1	3.154331e+01	
2018	7	9	17	1	4.158971e+01	
2018	7	9	17	1	5.163299e+01	
2018	7	9	17	2	1.691400e+00	
2018	7	9	17	2	1.173630e+01	
2018	7	9	17	2	2.177772e+01	
2018	7	9	17	2	3.180951e+01	
2018	7	9	17	2	4.184065e+01	
2018	7	9	17	2	5.188250e+01	
2018	7	9	17	3	1.923448e+00	
2018	7	9	17	3	1.196766e+01	
2018	7	9	17	3	2.201729e+01	
2018	7	9	17	3	3.205422e+01	
2018	7	9	17	3	4.209392e+01	
2018	7	9	17	3	5.213870e+01	
2018	7	9	17	4	2.194028e+00	
2018	7	9	17	4	1.223422e+01	
2018	7	9	17	4	2.228026e+01	
2018	7	9	17	4	3.232822e+01	
2018	7	9	17	4	4.236147e+01	
2018	7	9	17	4	5.240046e+01	
2018	7	9	17	5	2.434993e+00	
2018	7	9	17	5	1.248987e+01	
2018	7	9	17	5	2.254190e+01	
2018	7	9	17	5	3.258733e+01	
2018	7	9	17	5	4.262874e+01	
2018	7	9	17	5	5.266125e+01	
2018	7	9	17	6	2.707933e+00	
2018	7	9	17	6	1.274278e+01	
2018	7	9	17	6	2.279300e+01	
2018	7	9	17	6	3.284082e+01	
2018	7	9	17	6	4.288981e+01	
2018	7	9	17	6	5.293527e+01	
2018	7	9	17	7	2.967647e+00	
2018	7	9	17	7	1.300373e+01	
2018	7	9	17	7	2.303863e+01	
2018	7	9	17	7	3.307864e+01	
2018	7	9	17	7	4.312700e+01	
2018	7	9	17	7	5.317779e+01	
2018	7	9	17	8	3.240207e+00	
2018	7	9	17	8	1.330069e+01	
2018	7	9	17	8	2.335643e+01	
2018	7	9	17	8	3.339452e+01	
2018	7	9	17	8	4.343396e+01	
2018	7	9	17	8	5.346928e+01	
2018	7	9	17	9	3.512028e+00	
2018	7	9	17	9	1.354825e+01	
2018	7	9	17	9	2.359372e+01	
2018	7	9	17	9	3.363267e+01	
2018	7	9	17	9	4.366932e+01	
2018	7	9	17	9	5.371923e+01	
2018	7	9	17	10	3.771312e+00	
2018	7	9	17	10	1.380938e+01	
2018	7	9	17	10	2.385232e+01	
2018	7	9	17	10	3.389478e+01	
2018	7	9	17	10	4.394239e+01	
2018	7	9	17	10	5.400092e+01	
2018	7	9	17	11	4.050850e+00	
2018	7	9	17	11	1.410246e+01	
2018	7	9	17	11	2.413919e+01	
2018	7	9	17	11	3.418381e+01	
2018	7	9	17	11	4.422066e+01	
2018	7	9	17	11	5.426248e+01	
2018	7	9	17	12	4.319175e+00	
2018	7	9	17	12	1.435263e+01	
2018	7	9	17	12	2.440388e+01	
2018	7	9	17	12	3.447879e+01	
2018	7	9	17	12	4.453234e+01	
2018	7	9	17	12	5.458110e+01	
2018	7	9	17	13	4.640419e+00	
2018	7	9	17	13	1.469511e+01	
2018	7	9	17	13	2.474125e+01	
2018	7	9	17	13	3.480151e+01	
2018	7	9	17	13	4.484347e+01	
2018	7	9	17	13	5.487378e+01	
2018	7	9	17	14	4.931753e+00	
2018	7	9	17	14	1.497773e+01	
2018	7	9	17	14	2.501966e+01	
2018	7	9	17	14	3.508500e+01	
2018	7	9	17	14	4.512954e+01	
2018	7	9	17	14	5.516267e+01	
2018	7	9	17	15	5.204283e+00	
2018	7	9	17	15	1.525146e+01	
2018	7	9	17	15	2.529505e+01	
2018	7	9	17	15	3.533001e+01	
2018	7	9	17	15	4.536565e+01	
2018	7	9	17	15	5.541929e+01	
2018	7	9	17	16	5.467772e+00	
2018	7	9	17	16	1.550911e+01	
2018	7	9	17	16	2.554870e+01	
2018	7	9	17	16	3.558099e+01	
2018	7	9	17	16	4.562566e+01	
2018	7	9	17	16	5.566995e+01	
2018	7	9	17	17	5.715861e+00	
2018	7	9	17	17	1.576442e+01	
2018	7	9	17	17	2.581715e+01	
2018	7	9	17	17	3.586267e+01	
2018	7	9	17	17	4.590360e+01	
2018	7	9	17	17	5.595497e+01	
2018	7	9	17	18	6.008820e+00	
2018	7	9	17	18	1.606070e+01	
2018	7	9	17	18	2.609873e+01	
2018	7	9	17	18	3.613609e+01	
2018	7	9	17	18	4.619138e+01	
2018	7	9	17	18	5.623474e+01	
2018	7	9	17	19	6.289306e+00	
2018	7	9	17	19	1.634631e+01	
2018	7	9	17	19	2.641092e+01	
2018	7	9	17	19	3.647013e+01	
2018	7	9	17	19	4.652193e+01	
2018	7	9	17	19	5.657847e+01	
2018	7	9	17	20	6.635536e+00	
2018	7	9	17	20	1.669695e+01	
2018	7	9	17	20	2.673701e+01	
2018	7	9	17	20	3.680138e+01	
2018	7	9	17	20	4.686127e+01	
2018	7	9	17	20	5.693233e+01	
2018	7	9	17	21	6.984960e+00	
2018	7	9	17	21	1.702743e+01	
2018	7	9	17	21	2.707599e+01	
2018	7	9	17	21	3.712203e+01	
2018	7	9	17	21	4.716606e+01	
2018	7	9	17	21	5.721362e+01	
2018	7	9	17	22	7.246300e+00	
2018	7	9	17	22	1.730151e+01	
2018	7	9	17	22	2.735190e+01	
2018	7	9	17	22	3.739771e+01	
2018	7	9	17	22	4.745229e+01	
2018	7	9	17	22	5.750705e+01	
2018	7	9	17	23	7.575331e+00	
2018	7	9	17	23	1.763312e+01	
2018	7	9	17	23	2.768501e+01	
2018	7	9	17	23	3.774438e+01	
2018	7	9	17	23	4.780322e+01	
2018	7	9	17	23	5.786313e+01	
2018	7	9	17	24	7.924512e+00	
2018	7	9	17	24	1.798952e+01	
2018	7	9	17	24	2.803708e+01	
2018	7	9	17	24	3.809177e+01	
2018	7	9	17	24	4.816085e+01	
2018	7	9	17	24	5.822148e+01	
2018	7	9	17	25	8.266296e+00	
2018	7	9	17	25	1.830425e+01	
2018	7	9	17	25	2.836906e+01	
2018	7	9	17	25	3.843743e+01	
2018	7	9	17	25	4.847446e+01	
2018	7	9	17	25	5.851680e+01	
2018	7	9	17	26	8.555230e+00	
2018	7	9	17	26	1.861550e+01	
2018	7	9	17	26	2.865783e+01	
2018	7	9	17	26	3.872009e+01	
2018	7	9	17	26	4.876482e+01	
2018	7	9	17	26	5.882836e+01	
2018	7	9	17	27	8.895949e+00	
2018	7	9	17	27	1.894434e+01	
2018	7	9	17	27	2.899923e+01	
2018	7	9	17	27	3.907102e+01	
2018	7	9	17	27	4.914174e+01	
2018	7	9	17	27	5.920340e+01	
2018	7	9	17	28	9.250976e+00	
2018	7	9	17	28	1.931977e+01	
2018	7	9	17	28	2.938956e+01	
2018	7	9	17	28	3.943027e+01	
2018	7	9	17	28	4.947122e+01	
2018	7	9	17	28	5.952778e+01	
2018	7	9	17	29	9.594290e+00	
2018	7	9	17	29	1.964985e+01	
2018	7	9	17	29	2.969355e+01	
2018	7	9	17	29	3.975735e+01	
2018	7	9	17	29	4.980148e+01	
2018	7	9	17	29	5.985623e+01	
2018	7	9	17	30	9.928593e+00	
2018	7	9	17	30	1.996391e+01	
2018	7	9	17	30	3.003441e+01	
2018	7	9	17	30	4.009769e+01	
2018	7	9	17	30	5.016882e+01	
2018	7	9	17	31	2.322100e-01	
2018	7	9	17	31	1.029207e+01	
2018	7	9	17	31	2.034888e+01	
2018	7	9	17	31	3.039715e+01	
2018	7	9	17	31	4.044768e+01	
2018	7	9	17	31	5.049807e+01	
2018	7	9	17	32	5.600860e-01	
2018	7	9	17	32	1.062218e+01	
2018	7	9	17	32	2.068997e+01	
2018	7	9	17	32	3.073248e+01	
2018	7	9	17	32	4.078297e+01	
2018	7	9	17	32	5.083765e+01	
2018	7	9	17	33	9.098630e-01	
2018	7	9	17	33	1.098071e+01	
2018	7	9	17	33	2.102743e+01	
2018	7	9	17	33	3.107545e+01	
2018	7	9	17	33	4.112385e+01	
2018	7	9	17	33	5.118477e+01	
2018	7	9	17	34	1.234188e+00	
2018	7	9	17	34	1.130411e+01	
2018	7	9	17	34	2.136021e+01	
2018	7	9	17	34	3.141211e+01	
2018	7	9	17	34	4.145837e+01	
2018	7	9	17	34	5.151049e+01	
2018	7	9	17	35	1.560241e+00	
2018	7	9	17	35	1.160438e+01	
2018	7	9	17	35	2.166105e+01	
2018	7	9	17	35	3.171504e+01	
2018	7	9	17	35	4.176816e+01	
2018	7	9	17	35	5.183032e+01	
2018	7	9	17	36	1.890192e+00	
2018	7	9	17	36	1.194385e+01	
2018	7	9	17	36	2.198873e+01	
2018	7	9	17	36	3.205161e+01	
2018	7	9	17	36	4.209216e+01	
2018	7	9	17	36	5.213838e+01	
2018	7	9	17	37	2.194301e+00	
2018	7	9	17	37	1.224539e+01	
2018	7	9	17	37	2.231244e+01	
2018	7	9	17	37	3.237137e+01	
2018	7	9	17	37	4.243397e+01	
2018	7	9	17	37	5.246953e+01	
2018	7	9	17	38	2.531334e+00	
2018	7	9	17	38	1.257875e+01	
2018	7	9	17	38	2.264009e+01	
2018	7	9	17	38	3.268263e+01	
2018	7	9	17	38	4.273699e+01	
2018	7	9	17	38	5.279457e+01	
2018	7	9	17	39	2.853620e+00	
2018	7	9	17	39	1.291200e+01	
2018	7	9	17	39	2.296472e+01	
2018	7	9	17	39	3.301539e+01	
2018	7	9	17	39	4.306526e+01	
2018	7	9	17	39	5.310421e+01	
2018	7	9	17	40	3.157089e+00	
2018	7	9	17	40	1.320713e+01	
2018	7	9	17	40	2.324860e+01	
2018	7	9	17	40	3.329280e+01	
2018	7	9	17	40	4.333572e+01	
2018	7	9	17	40	5.338709e+01	
2018	7	9	17	41	3.442695e+00	
2018	7	9	17	41	1.349010e+01	
2018	7	9	17	41	2.354169e+01	
2018	7	9	17	41	3.359404e+01	
2018	7	9	17	41	4.362877e+01	
2018	7	9	17	41	5.365999e+01	
2018	7	9	17	42	3.688239e+00	
2018	7	9	17	42	1.372534e+01	
2018	7	9	17	42	2.377647e+01	
2018	7	9	17	42	3.380866e+01	
2018	7	9	17	42	4.384842e+01	
2018	7	9	17	42	5.389540e+01	
2018	7	9	17	43	3.942147e+00	
2018	7	9	17	43	1.397911e+01	
2018	7	9	17	43	2.402360e+01	
2018	7	9	17	43	3.407532e+01	
2018	7	9	17	43	4.412442e+01	
2018	7	9	17	43	5.423576e+01	
2018	7	9	17	44	4.273805e+00	
2018	7	9	17	44	1.431746e+01	
2018	7	9	17	44	2.436327e+01	
2018	7	9	17	44	3.439836e+01	
2018	7	9	17	44	4.445346e+01	
2018	7	9	17	44	5.452709e+01	
2018	7	9	17	45	4.583754e+00	
2018	7	9	17	45	1.462683e+01	
2018	7	9	17	45	2.467435e+01	
2018	7	9	17	45	3.474051e+01	
2018	7	9	17	45	4.482483e+01	
2018	7	9	17	45	5.488069e+01	
2018	7	9	17	46	4.942044e+00	
2018	7	9	17	46	1.501196e+01	
2018	7	9	17	46	2.506577e+01	
2018	7	9	17	46	3.515123e+01	
2018	7	9	17	46	4.520624e+01	
2018	7	9	17	46	5.528016e+01	
2018	7	9	17	47	5.342949e+00	
2018	7	9	17	47	1.540670e+01	
2018	7	9	17	47	2.546662e+01	
2018	7	9	17	47	3.553138e+01	
2018	7	9	17	47	4.558578e+01	
2018	7	9	17	47	5.564954e+01	
2018	7	9	17	48	5.709523e+00	
2018	7	9	17	48	1.578120e+01	
2018	7	9	17	48	2.584344e+01	
2018	7	9	17	48	3.590027e+01	
2018	7	9	17	48	4.598062e+01	
2018	7	9	17	48	5.604175e+01	
2018	7	9	17	49	6.099053e+00	
2018	7	9	17	49	1.614193e+01	
2018	7	9	17	49	2.619704e+01	
2018	7	9	17	49	3.624342e+01	
2018	7	9	17	49	4.630254e+01	
2018	7	9	17	49	5.636039e+01	
2018	7	9	17	50	6.428419e+00	
2018	7	9	17	50	1.648743e+01	
2018	7	9	17	50	2.656379e+01	
2018	7	9	17	50	3.664512e+01	
2018	7	9	17	50	4.670174e+01	
2018	7	9	17	50	5.674831e+01	
2018	7	9	17	51	6.806330e+00	
2018	7	9	17	51	1.687216e+01	
2018	7	9	17	51	2.693705e+01	
2018	7	9	17	51	3.700928e+01	
2018	7	9	17	51	4.708649e+01	
2018	7	9	17	51	5.713436e+01	
2018	7	9	17	52	7.195815e+00	
2018	7	9	17	52	1.725415e+01	
2018	7	9	17	52	2.730667e+01	
2018	7	9	17	52	3.737866e+01	
2018	7	9	17	52	4.742111e+01	
2018	7	9	17	52	5.748568e+01	
2018	7	9	17	53	7.530026e+00	
2018	7	9	17	53	1.758982e+01	
2018	7	9	17	53	2.764546e+01	
2018	7	9	17	53	3.770409e+01	
2018	7	9	17	53	4.775898e+01	
2018	7	9	17	53	5.781523e+01	
2018	7	9	17	54	7.877450e+00	
2018	7	9	17	54	1.794196e+01	
2018	7	9	17	54	2.798962e+01	
2018	7	9	17	54	3.806913e+01	
2018	7	9	17	54	4.812474e+01	
2018	7	9	17	54	5.819671e+01	
2018	7	9	17	55	8.265058e+00	
2018	7	9	17	55	1.832553e+01	
2018	7	9	17	55	2.840339e+01	
2018	7	9	17	55	3.847559e+01	
2018	7	9	17	55	4.855449e+01	
2018	7	9	17	55	5.861721e+01	
2018	7	9	17	56	8.669677e+00	
2018	7	9	17	56	1.870690e+01	
2018	7	9	17	56	2.877335e+01	
2018	7	9	17	56	3.883560e+01	
2018	7	9	17	56	4.888075e+01	
2018	7	9	17	56	5.893085e+01	
2018	7	9	17	57	8.985395e+00	
2018	7	9	17	57	1.903466e+01	
2018	7	9	17	57	2.907815e+01	
2018	7	9	17	57	3.915109e+01	
2018	7	9	17	57	4.919430e+01	
2018	7	9	17	57	5.925614e+01	
2018	7	9	17	58	9.301445e+00	
2018	7	9	17	58	1.935374e+01	
2018	7	9	17	58	2.939567e+01	
2018	7	9	17	58	3.944418e+01	
2018	7	9	17	58	4.949701e+01	
2018	7	9	17	58	5.955479e+01	
2018	7	9	17	59	9.626733e+00	
2018	7	9	17	59	1.967744e+01	
2018	7	9	17	59	2.972958e+01	
2018	7	9	17	59	3.979592e+01	
2018	7	9	17	59	4.986082e+01	
2018	7	9	17	59	5.991712e+01	
2018	7	9	18	0	9.980264e+00	
2018	7	9	18	0	2.001976e+01	
2018	7	9	18	0	3.006769e+01	
2018	7	9	18	0	4.012850e+01	
2018	7	9	18	0	5.018946e+01	
2018	7	9	18	1	2.426000e-01	
2018	7	9	18	1	1.029130e+01	
2018	7	9	18	1	2.034590e+01	
2018	7	9	18	1	3.040348e+01	
2018	7	9	18	1	4.046724e+01	
2018	7	9	18	1	5.051181e+01	
2018	7	9	18	2	5.793960e-01	
2018	7	9	18	2	1.063848e+01	
2018	7	9	18	2	2.070508e+01	
2018	7	9	18	2	3.075453e+01	
2018	7	9	18	2	4.080809e+01	
2018	7	9	18	2	5.086809e+01	
2018	7	9	18	3	9.271620e-01	
2018	7	9	18	3	1.098931e+01	
2018	7	9	18	3	2.105369e+01	
2018	7	9	18	3	3.112314e+01	
2018	7	9	18	3	4.118666e+01	
2018	7	9	18	3	5.124909e+01	
2018	7	9	18	4	1.297400e+00	
2018	7	9	18	4	1.136628e+01	
2018	7	9	18	4	2.141813e+01	
2018	7	9	18	4	3.150756e+01	
2018	7	9	18	4	4.156063e+01	
2018	7	9	18	4	5.161596e+01	
2018	7	9	18	5	1.673810e+00	
2018	7	9	18	5	1.171948e+01	
2018	7	9	18	5	2.176972e+01	
2018	7	9	18	5	3.182022e+01	
2018	7	9	18	5	4.187842e+01	
2018	7	9	18	5	5.193499e+01	
2018	7	9	18	6	1.983518e+00	
2018	7	9	18	6	1.204756e+01	
2018	7	9	18	6	2.210985e+01	
2018	7	9	18	6	3.216687e+01	
2018	7	9	18	6	4.223648e+01	
2018	7	9	18	6	5.228430e+01	
2018	7	9	18	7	2.344605e+00	
2018	7	9	18	7	1.240009e+01	
2018	7	9	18	7	2.246248e+01	
2018	7	9	18	7	3.252541e+01	
2018	7	9	18	7	4.258612e+01	
2018	7	9	18	7	5.265042e+01	
2018	7	9	18	8	2.712432e+00	
2018	7	9	18	8	1.277219e+01	
2018	7	9	18	8	2.283172e+01	
2018	7	9	18	8	3.290161e+01	
2018	7	9	18	8	4.295380e+01	
2018	7	9	18	8	5.301543e+01	
2018	7	9	18	9	3.074970e+00	
2018	7	9	18	9	1.313408e+01	
2018	7	9	18	9	2.318572e+01	
2018	7	9	18	9	3.324964e+01	
2018	7	9	18	9	4.331213e+01	
2018	7	9	18	9	5.337514e+01	
2018	7	9	18	10	3.429282e+00	
2018	7	9	18	10	1.348354e+01	
2018	7	9	18	10	2.354850e+01	
2018	7	9	18	10	3.361897e+01	
2018	7	9	18	10	4.366624e+01	
2018	7	9	18	10	5.373069e+01	
2018	7	9	18	11	3.802143e+00	
2018	7	9	18	11	1.386579e+01	
2018	7	9	18	11	2.391826e+01	
2018	7	9	18	11	3.397043e+01	
2018	7	9	18	11	4.401742e+01	
2018	7	9	18	11	5.409015e+01	
2018	7	9	18	12	4.142759e+00	
2018	7	9	18	12	1.423184e+01	
2018	7	9	18	12	2.429291e+01	
2018	7	9	18	12	3.435131e+01	
2018	7	9	18	12	4.440616e+01	
2018	7	9	18	12	5.446640e+01	
2018	7	9	18	13	4.522355e+00	
2018	7	9	18	13	1.457645e+01	
2018	7	9	18	13	2.463886e+01	
2018	7	9	18	13	3.470543e+01	
2018	7	9	18	13	4.475389e+01	
2018	7	9	18	13	5.482351e+01	
2018	7	9	18	14	4.885047e+00	
2018	7	9	18	14	1.495059e+01	
2018	7	9	18	14	2.499425e+01	
2018	7	9	18	14	3.504036e+01	
2018	7	9	18	14	4.509345e+01	
2018	7	9	18	14	5.512159e+01	
2018	7	9	18	15	5.164736e+00	
2018	7	9	18	15	1.522245e+01	
2018	7	9	18	15	2.526138e+01	
2018	7	9	18	15	3.531505e+01	
2018	7	9	18	15	4.535143e+01	
2018	7	9	18	15	5.539860e+01	
2018	7	9	18	16	5.477786e+00	
2018	7	9	18	16	1.556625e+01	
2018	7	9	18	16	2.561600e+01	
2018	7	9	18	16	3.566650e+01	
2018	7	9	18	16	4.570767e+01	
2018	7	9	18	16	5.575052e+01	
2018	7	9	18	17	5.799356e+00	
2018	7	9	18	17	1.584014e+01	
2018	7	9	18	17	2.588597e+01	
2018	7	9	18	17	3.593288e+01	
2018	7	9	18	17	4.596403e+01	
2018	7	9	18	17	5.601605e+01	
2018	7	9	18	18	6.067003e+00	
2018	7	9	18	18	1.612546e+01	
2018	7	9	18	18	2.617517e+01	
2018	7	9	18	18	3.621190e+01	
2018	7	9	18	18	4.625234e+01	
2018	7	9	18	18	5.630349e+01	
2018	7	9	18	19	6.342528e+00	
2018	7	9	18	19	1.637152e+01	
2018	7	9	18	19	2.642119e+01	
2018	7	9	18	19	3.645993e+01	
2018	7	9	18	19	4.651613e+01	
2018	7	9	18	19	5.655548e+01	
2018	7	9	18	20	6.599376e+00	
2018	7	9	18	20	1.664418e+01	
2018	7	9	18	20	2.667856e+01	
2018	7	9	18	20	3.672410e+01	
2018	7	9	18	20	4.676760e+01	
2018	7	9	18	20	5.682319e+01	
2018	7	9	18	21	6.857337e+00	
2018	7	9	18	21	1.689558e+01	
2018	7	9	18	21	2.693497e+01	
2018	7	9	18	21	3.698185e+01	
2018	7	9	18	21	4.702593e+01	
2018	7	9	18	21	5.707325e+01	
2018	7	9	18	22	7.140388e+00	
2018	7	9	18	22	1.717107e+01	
2018	7	9	18	22	2.720727e+01	
2018	7	9	18	22	3.725517e+01	
2018	7	9	18	22	4.729368e+01	
2018	7	9	18	22	5.733367e+01	
2018	7	9	18	23	7.375968e+00	
2018	7	9	18	23	1.741246e+01	
2018	7	9	18	23	2.746377e+01	
2018	7	9	18	23	3.750480e+01	
2018	7	9	18	23	4.755359e+01	
2018	7	9	18	23	5.759193e+01	
2018	7	9	18	24	7.635259e+00	
2018	7	9	18	24	1.768487e+01	
2018	7	9	18	24	2.772455e+01	
2018	7	9	18	24	3.777408e+01	
2018	7	9	18	24	4.782615e+01	
2018	7	9	18	24	5.787343e+01	
2018	7	9	18	25	7.929562e+00	
2018	7	9	18	25	1.796434e+01	
2018	7	9	18	25	2.801163e+01	
2018	7	9	18	25	3.804295e+01	
2018	7	9	18	25	4.809181e+01	
2018	7	9	18	25	5.812230e+01	
2018	7	9	18	26	8.163269e+00	
2018	7	9	18	26	1.820179e+01	
2018	7	9	18	26	2.823574e+01	
2018	7	9	18	26	3.827593e+01	
2018	7	9	18	26	4.831595e+01	
2018	7	9	18	26	5.835631e+01	
2018	7	9	18	27	8.394089e+00	
2018	7	9	18	27	1.844055e+01	
2018	7	9	18	27	2.848293e+01	
2018	7	9	18	27	3.853011e+01	
2018	7	9	18	27	4.857902e+01	
2018	7	9	18	27	5.862394e+01	
2018	7	9	18	28	8.667420e+00	
2018	7	9	18	28	1.870132e+01	
2018	7	9	18	28	2.874910e+01	
2018	7	9	18	28	3.877740e+01	
2018	7	9	18	28	4.881756e+01	
2018	7	9	18	28	5.885362e+01	
2018	7	9	18	29	8.901908e+00	
2018	7	9	18	29	1.894603e+01	
2018	7	9	18	29	2.898868e+01	
2018	7	9	18	29	3.902844e+01	
2018	7	9	18	29	4.907811e+01	
2018	7	9	18	29	5.912221e+01	
2018	7	9	18	30	9.150218e+00	
2018	7	9	18	30	1.919222e+01	
2018	7	9	18	30	2.922335e+01	
2018	7	9	18	30	3.927436e+01	
2018	7	9	18	30	4.931981e+01	
2018	7	9	18	30	5.935324e+01	
2018	7	9	18	31	9.397111e+00	
2018	7	9	18	31	1.943265e+01	
2018	7	9	18	31	2.947666e+01	
2018	7	9	18	31	3.951892e+01	
2018	7	9	18	31	4.956426e+01	
2018	7	9	18	31	5.960976e+01	
2018	7	9	18	32	9.643222e+00	
2018	7	9	18	32	1.967870e+01	
2018	7	9	18	32	2.973329e+01	
2018	7	9	18	32	3.977727e+01	
2018	7	9	18	32	4.980885e+01	
2018	7	9	18	32	5.984648e+01	
2018	7	9	18	33	9.896325e+00	
2018	7	9	18	33	2.006120e+01	
2018	7	9	18	33	3.011765e+01	
2018	7	9	18	33	4.017805e+01	
2018	7	9	18	33	5.021246e+01	
2018	7	9	18	34	2.532850e-01	
2018	7	9	18	34	1.030091e+01	
2018	7	9	18	34	2.033884e+01	
2018	7	9	18	34	3.037852e+01	
2018	7	9	18	34	4.043450e+01	
2018	7	9	18	34	5.047290e+01	
2018	7	9	18	35	5.114550e-01	
2018	7	9	18	35	1.054905e+01	
2018	7	9	18	35	2.059555e+01	
2018	7	9	18	35	3.064667e+01	
2018	7	9	18	35	4.068223e+01	
2018	7	9	18	35	5.072865e+01	
2018	7	9	18	36	7.629450e-01	
2018	7	9	18	36	1.079936e+01	
2018	7	9	18	36	2.083932e+01	
2018	7	9	18	36	3.088076e+01	
2018	7	9	18	36	4.091423e+01	
2018	7	9	18	36	5.094755e+01	
2018	7	9	18	37	9.981070e-01	
2018	7	9	18	37	1.104406e+01	
2018	7	9	18	37	2.108834e+01	
2018	7	9	18	37	3.113217e+01	
2018	7	9	18	37	4.116906e+01	
2018	7	9	18	37	5.121388e+01	
2018	7	9	18	38	1.252961e+00	
2018	7	9	18	38	1.128982e+01	
2018	7	9	18	38	2.132523e+01	
2018	7	9	18	38	3.136818e+01	
2018	7	9	18	38	4.141150e+01	
2018	7	9	18	38	5.145780e+01	
2018	7	9	18	39	1.508712e+00	
2018	7	9	18	39	1.154226e+01	
2018	7	9	18	39	2.157869e+01	
2018	7	9	18	39	3.163268e+01	
2018	7	9	18	39	4.168500e+01	
2018	7	9	18	39	5.171982e+01	
2018	7	9	18	40	1.756288e+00	
2018	7	9	18	40	1.181023e+01	
2018	7	9	18	40	2.185051e+01	
2018	7	9	18	40	3.189750e+01	
2018	7	9	18	40	4.193934e+01	
2018	7	9	18	40	5.197118e+01	
2018	7	9	18	41	2.005866e+00	
2018	7	9	18	41	1.206299e+01	
2018	7	9	18	41	2.210348e+01	
2018	7	9	18	41	3.214148e+01	
2018	7	9	18	41	4.219752e+01	
2018	7	9	18	41	5.227091e+01	
2018	7	9	18	42	2.394294e+00	
2018	7	9	18	42	1.244795e+01	
2018	7	9	18	42	2.249792e+01	
2018	7	9	18	42	3.254205e+01	
2018	7	9	18	42	4.257059e+01	
2018	7	9	18	42	5.261399e+01	
2018	7	9	18	43	2.661990e+00	
2018	7	9	18	43	1.269207e+01	
2018	7	9	18	43	2.273877e+01	
2018	7	9	18	43	3.277808e+01	
2018	7	9	18	43	4.280585e+01	
2018	7	9	18	43	5.284773e+01	
2018	7	9	18	44	2.895197e+00	
2018	7	9	18	44	1.294234e+01	
2018	7	9	18	44	2.298484e+01	
2018	7	9	18	44	3.303350e+01	
2018	7	9	18	44	4.307029e+01	
2018	7	9	18	44	5.311239e+01	
2018	7	9	18	45	3.151293e+00	
2018	7	9	18	45	1.319308e+01	
2018	7	9	18	45	2.323975e+01	
2018	7	9	18	45	3.328757e+01	
2018	7	9	18	45	4.332112e+01	
2018	7	9	18	45	5.335577e+01	
2018	7	9	18	46	3.402853e+00	
2018	7	9	18	46	1.343946e+01	
2018	7	9	18	46	2.346965e+01	
2018	7	9	18	46	3.350496e+01	
2018	7	9	18	46	4.355118e+01	
2018	7	9	18	46	5.360044e+01	
2018	7	9	18	47	3.643742e+00	
2018	7	9	18	47	1.369585e+01	
2018	7	9	18	47	2.373480e+01	
2018	7	9	18	47	3.376879e+01	
2018	7	9	18	47	4.380242e+01	
2018	7	9	18	47	5.384900e+01	
2018	7	9	18	48	3.881040e+00	
2018	7	9	18	48	1.391946e+01	
2018	7	9	18	48	2.396042e+01	
2018	7	9	18	48	3.399862e+01	
2018	7	9	18	48	4.404889e+01	
2018	7	9	18	48	5.416274e+01	
2018	7	9	18	49	4.211265e+00	
2018	7	9	18	49	1.424540e+01	
2018	7	9	18	49	2.429340e+01	
2018	7	9	18	49	3.433551e+01	
2018	7	9	18	49	4.439091e+01	
2018	7	9	18	49	5.443012e+01	
2018	7	9	18	50	4.459998e+00	
2018	7	9	18	50	1.450559e+01	
2018	7	9	18	50	2.454623e+01	
2018	7	9	18	50	3.461907e+01	
2018	7	9	18	50	4.467608e+01	
2018	7	9	18	50	5.471098e+01	
2018	7	9	18	51	4.741810e+00	
2018	7	9	18	51	1.479179e+01	
2018	7	9	18	51	2.483001e+01	
2018	7	9	18	51	3.488344e+01	
2018	7	9	18	51	4.492784e+01	
2018	7	9	18	51	5.497540e+01	
2018	7	9	18	52	5.033055e+00	
2018	7	9	18	52	1.508263e+01	
2018	7	9	18	52	2.511634e+01	
2018	7	9	18	52	3.517562e+01	
2018	7	9	18	52	4.520647e+01	
2018	7	9	18	52	5.525395e+01	
2018	7	9	18	53	5.296018e+00	
2018	7	9	18	53	1.532907e+01	
2018	7	9	18	53	2.536233e+01	
2018	7	9	18	53	3.541772e+01	
2018	7	9	18	53	4.545618e+01	
2018	7	9	18	53	5.552513e+01	
2018	7	9	18	54	5.557993e+00	
2018	7	9	18	54	1.560564e+01	
2018	7	9	18	54	2.564651e+01	
2018	7	9	18	54	3.567865e+01	
2018	7	9	18	54	4.573342e+01	
2018	7	9	18	54	5.576436e+01	
2018	7	9	18	55	5.815792e+00	
2018	7	9	18	55	1.585906e+01	
2018	7	9	18	55	2.605393e+01	
2018	7	9	18	55	3.624960e+01	
2018	7	9	18	55	4.645673e+01	
2018	7	9	18	55	5.665774e+01	
2018	7	9	18	56	6.858705e+00	
2018	7	9	18	56	1.707307e+01	
2018	7	9	18	56	2.727304e+01	
2018	7	9	18	56	3.749298e+01	
2018	7	9	18	56	4.769482e+01	
2018	7	9	18	56	5.791085e+01	
2018	7	9	18	57	8.118627e+00	
2018	7	9	18	57	1.831984e+01	
2018	7	9	18	57	2.853616e+01	
2018	7	9	18	57	3.873862e+01	
2018	7	9	18	57	4.894286e+01	
2018	7	9	18	57	5.913922e+01	
2018	7	9	18	58	9.339164e+00	
2018	7	9	18	58	1.954728e+01	
2018	7	9	18	58	2.975537e+01	
2018	7	9	18	58	3.997083e+01	
2018	7	9	18	58	5.017865e+01	
2018	7	9	18	59	3.812130e-01	
2018	7	9	18	59	1.058469e+01	
2018	7	9	18	59	2.079431e+01	
2018	7	9	18	59	3.101096e+01	
2018	7	9	18	59	4.121922e+01	
2018	7	9	18	59	5.141591e+01	
2018	7	9	19	0	1.625754e+00	
2018	7	9	19	0	1.182458e+01	
2018	7	9	19	0	2.204243e+01	
2018	7	9	19	0	3.225328e+01	
2018	7	9	19	0	4.245064e+01	
2018	7	9	19	0	5.265568e+01	
2018	7	9	19	1	2.862436e+00	
2018	7	9	19	1	1.307057e+01	
2018	7	9	19	1	2.327637e+01	
2018	7	9	19	1	3.347456e+01	
2018	7	9	19	1	4.368903e+01	
2018	7	9	19	1	5.390939e+01	
2018	7	9	19	2	4.195824e+00	
2018	7	9	19	2	1.448050e+01	
2018	7	9	19	2	2.469312e+01	
2018	7	9	19	2	3.491009e+01	
2018	7	9	19	2	4.511992e+01	
2018	7	9	19	2	5.532568e+01	
2018	7	9	19	3	5.546573e+00	
2018	7	9	19	3	1.574064e+01	
2018	7	9	19	3	2.594174e+01	
2018	7	9	19	3	3.614746e+01	
2018	7	9	19	3	4.635742e+01	
2018	7	9	19	3	5.656327e+01	
2018	7	9	19	4	6.771516e+00	
2018	7	9	19	4	1.697220e+01	
2018	7	9	19	4	2.717138e+01	
2018	7	9	19	4	3.737786e+01	
2018	7	9	19	4	4.757665e+01	
2018	7	9	19	4	5.777596e+01	
2018	7	9	19	5	7.983894e+00	
2018	7	9	19	5	1.819591e+01	
2018	7	9	19	5	2.839952e+01	
2018	7	9	19	5	3.860293e+01	
2018	7	9	19	5	4.880720e+01	
2018	7	9	19	5	5.901908e+01	
2018	7	9	19	6	9.219130e+00	
2018	7	9	19	6	1.942039e+01	
2018	7	9	19	6	2.962487e+01	
2018	7	9	19	6	3.982968e+01	
2018	7	9	19	6	5.003197e+01	
2018	7	9	19	7	2.493370e-01	
2018	7	9	19	7	1.046692e+01	
2018	7	9	19	7	2.066512e+01	
2018	7	9	19	7	3.087530e+01	
2018	7	9	19	7	4.107291e+01	
2018	7	9	19	7	5.128354e+01	
2018	7	9	19	8	1.487131e+00	
2018	7	9	19	8	1.169468e+01	
2018	7	9	19	8	2.190877e+01	
2018	7	9	19	8	3.211430e+01	
2018	7	9	19	8	4.232662e+01	
2018	7	9	19	8	5.253672e+01	
2018	7	9	19	9	2.742452e+00	
2018	7	9	19	9	1.294956e+01	
2018	7	9	19	9	2.316079e+01	
2018	7	9	19	9	3.335869e+01	
2018	7	9	19	9	4.356821e+01	
2018	7	9	19	9	5.377579e+01	
2018	7	9	19	10	3.990089e+00	
2018	7	9	19	10	1.419967e+01	
2018	7	9	19	10	2.439252e+01	
2018	7	9	19	10	3.460468e+01	
2018	7	9	19	10	4.480662e+01	
2018	7	9	19	10	5.500913e+01	
2018	7	9	19	11	5.218928e+00	
2018	7	9	19	11	1.543167e+01	
2018	7	9	19	11	2.563074e+01	
2018	7	9	19	11	3.582418e+01	
2018	7	9	19	11	4.602985e+01	
2018	7	9	19	11	5.623134e+01	
2018	7	9	19	12	6.450730e+00	
2018	7	9	19	12	1.666545e+01	
2018	7	9	19	12	2.688307e+01	
2018	7	9	19	12	3.710114e+01	
2018	7	9	19	12	4.729459e+01	
2018	7	9	19	12	5.750308e+01	
2018	7	9	19	13	7.714810e+00	
2018	7	9	19	13	1.792000e+01	
2018	7	9	19	13	2.812603e+01	
2018	7	9	19	13	3.832375e+01	
2018	7	9	19	13	4.854414e+01	
2018	7	9	19	13	5.875029e+01	
2018	7	9	19	14	8.965210e+00	
2018	7	9	19	14	1.917742e+01	
2018	7	9	19	14	2.939638e+01	
2018	7	9	19	14	3.960406e+01	
2018	7	9	19	14	4.979547e+01	
2018	7	9	19	14	5.999643e+01	
2018	7	9	19	15	1.019894e+01	
2018	7	9	19	15	2.040737e+01	
2018	7	9	19	15	3.061917e+01	
2018	7	9	19	15	4.083187e+01	
2018	7	9	19	15	5.103867e+01	
2018	7	9	19	16	1.246391e+00	
2018	7	9	19	16	1.145599e+01	
2018	7	9	19	16	2.166951e+01	
2018	7	9	19	16	3.187627e+01	
2018	7	9	19	16	4.209219e+01	
2018	7	9	19	16	5.230486e+01	
2018	7	9	19	17	2.506421e+00	
2018	7	9	19	17	1.271151e+01	
2018	7	9	19	17	2.292408e+01	
2018	7	9	19	17	3.313675e+01	
2018	7	9	19	17	4.334593e+01	
2018	7	9	19	17	5.355055e+01	
2018	7	9	19	18	3.759452e+00	
2018	7	9	19	18	1.395899e+01	
2018	7	9	19	18	2.417310e+01	
2018	7	9	19	18	3.437267e+01	
2018	7	9	19	18	4.458079e+01	
2018	7	9	19	18	5.477613e+01	
2018	7	9	19	19	4.988518e+00	
2018	7	9	19	19	1.519281e+01	
2018	7	9	19	19	2.540717e+01	
2018	7	9	19	19	3.560758e+01	
2018	7	9	19	19	4.581416e+01	
2018	7	9	19	19	5.601669e+01	
2018	7	9	19	20	6.223461e+00	
2018	7	9	19	20	1.643839e+01	
2018	7	9	19	20	2.663472e+01	
2018	7	9	19	20	3.683159e+01	
2018	7	9	19	20	4.704431e+01	
2018	7	9	19	20	5.726843e+01	
2018	7	9	19	21	7.467048e+00	
2018	7	9	19	21	1.767425e+01	
2018	7	9	19	21	2.786600e+01	
2018	7	9	19	21	3.807459e+01	
2018	7	9	19	21	4.827824e+01	
2018	7	9	19	21	5.847386e+01	
2018	7	9	19	22	8.685107e+00	
2018	7	9	19	22	1.888520e+01	
2018	7	9	19	22	2.910103e+01	
2018	7	9	19	22	3.930873e+01	
2018	7	9	19	22	4.950635e+01	
2018	7	9	19	22	5.973204e+01	
2018	7	9	19	23	9.987003e+00	
2018	7	9	19	23	2.022230e+01	
2018	7	9	19	23	3.056008e+01	
2018	7	9	19	23	4.085782e+01	
2018	7	9	19	23	5.107051e+01	
2018	7	9	19	24	1.362408e+00	
