2018	7	19	16	36	3.035747e+01	
2018	7	19	16	36	4.037865e+01	
2018	7	19	16	36	5.039156e+01	
2018	7	19	16	37	4.105840e-01	
2018	7	19	16	37	1.042834e+01	
2018	7	19	16	37	2.044612e+01	
2018	7	19	16	37	3.047371e+01	
2018	7	19	16	37	4.048210e+01	
2018	7	19	16	37	5.050477e+01	
2018	7	19	16	38	5.289810e-01	
2018	7	19	16	38	1.054175e+01	
2018	7	19	16	38	2.055193e+01	
2018	7	19	16	38	3.057332e+01	
2018	7	19	16	38	4.058756e+01	
2018	7	19	16	38	5.061713e+01	
2018	7	19	16	39	6.353460e-01	
2018	7	19	16	39	1.064761e+01	
2018	7	19	16	39	2.066066e+01	
2018	7	19	16	39	3.069338e+01	
2018	7	19	16	39	4.071770e+01	
2018	7	19	16	39	5.075211e+01	
2018	7	19	16	40	7.817320e-01	
2018	7	19	16	40	1.079662e+01	
2018	7	19	16	40	2.081108e+01	
2018	7	19	16	40	3.082515e+01	
2018	7	19	16	40	4.083893e+01	
2018	7	19	16	40	5.086026e+01	
2018	7	19	16	41	8.735190e-01	
2018	7	19	16	41	1.088557e+01	
2018	7	19	16	41	2.090179e+01	
2018	7	19	16	41	3.092891e+01	
2018	7	19	16	41	4.093617e+01	
2018	7	19	16	41	5.095700e+01	
2018	7	19	16	42	9.869050e-01	
2018	7	19	16	42	1.100161e+01	
2018	7	19	16	42	2.101985e+01	
2018	7	19	16	42	3.103886e+01	
2018	7	19	16	42	4.107618e+01	
2018	7	19	16	42	5.109750e+01	
2018	7	19	16	43	1.134566e+00	
2018	7	19	16	43	1.114751e+01	
2018	7	19	16	43	2.117924e+01	
2018	7	19	16	43	3.119158e+01	
2018	7	19	16	43	4.121950e+01	
2018	7	19	16	43	5.123162e+01	
2018	7	19	16	44	1.258676e+00	
2018	7	19	16	44	1.128772e+01	
2018	7	19	16	44	2.133771e+01	
2018	7	19	16	44	3.137300e+01	
2018	7	19	16	44	4.140156e+01	
2018	7	19	16	44	5.142049e+01	
2018	7	19	16	45	1.455375e+00	
2018	7	19	16	45	1.147406e+01	
2018	7	19	16	45	2.148654e+01	
2018	7	19	16	45	3.151696e+01	
2018	7	19	16	45	4.154204e+01	
2018	7	19	16	45	5.156366e+01	
2018	7	19	16	46	1.590451e+00	
2018	7	19	16	46	1.162362e+01	
2018	7	19	16	46	2.165902e+01	
2018	7	19	16	46	3.168291e+01	
2018	7	19	16	46	4.171120e+01	
2018	7	19	16	46	5.174083e+01	
2018	7	19	16	47	1.772005e+00	
2018	7	19	16	47	1.178941e+01	
2018	7	19	16	47	2.181290e+01	
2018	7	19	16	47	3.183442e+01	
2018	7	19	16	47	4.185806e+01	
2018	7	19	16	47	5.189452e+01	
2018	7	19	16	48	1.918198e+00	
2018	7	19	16	48	1.194789e+01	
2018	7	19	16	48	2.196954e+01	
2018	7	19	16	48	3.201300e+01	
2018	7	19	16	48	4.203757e+01	
2018	7	19	16	48	5.205766e+01	
2018	7	19	16	49	2.094933e+00	
2018	7	19	16	49	1.211661e+01	
2018	7	19	16	49	2.213337e+01	
2018	7	19	16	49	3.216183e+01	
2018	7	19	16	49	4.220430e+01	
2018	7	19	16	49	5.223607e+01	
2018	7	19	16	50	2.263049e+00	
2018	7	19	16	50	1.230584e+01	
2018	7	19	16	50	2.233078e+01	
2018	7	19	16	50	3.235239e+01	
2018	7	19	16	50	4.237107e+01	
2018	7	19	16	50	5.238876e+01	
2018	7	19	16	51	2.427498e+00	
2018	7	19	16	51	1.246833e+01	
2018	7	19	16	51	2.250165e+01	
2018	7	19	16	51	3.254726e+01	
2018	7	19	16	51	4.255922e+01	
2018	7	19	16	51	5.259553e+01	
2018	7	19	16	52	2.636647e+00	
2018	7	19	16	52	1.266231e+01	
2018	7	19	16	52	2.269827e+01	
2018	7	19	16	52	3.273332e+01	
2018	7	19	16	52	4.275720e+01	
2018	7	19	16	52	5.278315e+01	
2018	7	19	16	53	2.815902e+00	
2018	7	19	16	53	1.285760e+01	
2018	7	19	16	53	2.288050e+01	
2018	7	19	16	53	3.290945e+01	
2018	7	19	16	53	4.292934e+01	
2018	7	19	16	53	5.296724e+01	
2018	7	19	16	54	2.989159e+00	
2018	7	19	16	54	1.301163e+01	
2018	7	19	16	54	2.304716e+01	
2018	7	19	16	54	3.307475e+01	
2018	7	19	16	54	4.310516e+01	
2018	7	19	16	54	5.313413e+01	
2018	7	19	16	55	3.177478e+00	
2018	7	19	16	55	1.320474e+01	
2018	7	19	16	55	2.323709e+01	
2018	7	19	16	55	3.328065e+01	
2018	7	19	16	55	4.330131e+01	
2018	7	19	16	55	5.334412e+01	
2018	7	19	16	56	3.385680e+00	
2018	7	19	16	56	1.341441e+01	
2018	7	19	16	56	2.344781e+01	
2018	7	19	16	56	3.348870e+01	
2018	7	19	16	56	4.353304e+01	
2018	7	19	16	56	5.357176e+01	
2018	7	19	16	57	3.601508e+00	
2018	7	19	16	57	1.363319e+01	
2018	7	19	16	57	2.367097e+01	
2018	7	19	16	57	3.369413e+01	
2018	7	19	16	57	4.373969e+01	
2018	7	19	16	57	5.378082e+01	
2018	7	19	16	58	3.815277e+00	
2018	7	19	16	58	1.384782e+01	
2018	7	19	16	58	2.388867e+01	
2018	7	19	16	58	3.391743e+01	
2018	7	19	16	58	4.394364e+01	
2018	7	19	16	58	5.398570e+01	
2018	7	19	16	59	4.021797e+00	
2018	7	19	16	59	1.405926e+01	
2018	7	19	16	59	2.410642e+01	
2018	7	19	16	59	3.415580e+01	
2018	7	19	16	59	4.419447e+01	
2018	7	19	16	59	5.424057e+01	
2018	7	19	17	0	4.270007e+00	
2018	7	19	17	0	1.430413e+01	
2018	7	19	17	0	2.434416e+01	
2018	7	19	17	0	3.438845e+01	
2018	7	19	17	0	4.443533e+01	
2018	7	19	17	0	5.448424e+01	
2018	7	19	17	1	4.533886e+00	
2018	7	19	17	1	1.457356e+01	
2018	7	19	17	1	2.460699e+01	
2018	7	19	17	1	3.463994e+01	
2018	7	19	17	1	4.468435e+01	
2018	7	19	17	1	5.473470e+01	
2018	7	19	17	2	4.768101e+00	
2018	7	19	17	2	1.480405e+01	
2018	7	19	17	2	2.483754e+01	
2018	7	19	17	2	3.487520e+01	
2018	7	19	17	2	4.490304e+01	
2018	7	19	17	2	5.494412e+01	
2018	7	19	17	3	4.990195e+00	
2018	7	19	17	3	1.503230e+01	
2018	7	19	17	3	2.509260e+01	
2018	7	19	17	3	3.513684e+01	
2018	7	19	17	3	4.519211e+01	
2018	7	19	17	3	5.522696e+01	
2018	7	19	17	4	5.267089e+00	
2018	7	19	17	4	1.532309e+01	
2018	7	19	17	4	2.538597e+01	
2018	7	19	17	4	3.541883e+01	
2018	7	19	17	4	4.547889e+01	
2018	7	19	17	4	5.550849e+01	
2018	7	19	17	5	5.562922e+00	
2018	7	19	17	5	1.560958e+01	
2018	7	19	17	5	2.566404e+01	
2018	7	19	17	5	3.571314e+01	
2018	7	19	17	5	4.575067e+01	
2018	7	19	17	5	5.580173e+01	
2018	7	19	17	6	5.834648e+00	
2018	7	19	17	6	1.587378e+01	
2018	7	19	17	6	2.591600e+01	
2018	7	19	17	6	3.597691e+01	
2018	7	19	17	6	4.601640e+01	
2018	7	19	17	6	5.607531e+01	
2018	7	19	17	7	6.112351e+00	
2018	7	19	17	7	1.615667e+01	
2018	7	19	17	7	2.619114e+01	
2018	7	19	17	7	3.622200e+01	
2018	7	19	17	7	4.625796e+01	
2018	7	19	17	7	5.629081e+01	
2018	7	19	17	8	6.335371e+00	
2018	7	19	17	8	1.637240e+01	
2018	7	19	17	8	2.641140e+01	
2018	7	19	17	8	3.645394e+01	
2018	7	19	17	8	4.649315e+01	
2018	7	19	17	8	5.654180e+01	
2018	7	19	17	9	6.590195e+00	
2018	7	19	17	9	1.662658e+01	
2018	7	19	17	9	2.667943e+01	
2018	7	19	17	9	3.672588e+01	
2018	7	19	17	9	4.677397e+01	
2018	7	19	17	9	5.680648e+01	
2018	7	19	17	10	6.853967e+00	
2018	7	19	17	10	1.690535e+01	
2018	7	19	17	10	2.693754e+01	
2018	7	19	17	10	3.698466e+01	
2018	7	19	17	10	4.703181e+01	
2018	7	19	17	10	5.707896e+01	
2018	7	19	17	11	7.118491e+00	
2018	7	19	17	11	1.715721e+01	
2018	7	19	17	11	2.720395e+01	
2018	7	19	17	11	3.724318e+01	
2018	7	19	17	11	4.729819e+01	
2018	7	19	17	11	5.733572e+01	
2018	7	19	17	12	7.394002e+00	
2018	7	19	17	12	1.744382e+01	
2018	7	19	17	12	2.748550e+01	
2018	7	19	17	12	3.752233e+01	
2018	7	19	17	12	4.756978e+01	
2018	7	19	17	12	5.760965e+01	
2018	7	19	17	13	7.667694e+00	
2018	7	19	17	13	1.771297e+01	
2018	7	19	17	13	2.776436e+01	
2018	7	19	17	13	3.781004e+01	
2018	7	19	17	13	4.786495e+01	
2018	7	19	17	13	5.791573e+01	
2018	7	19	17	14	7.954457e+00	
2018	7	19	17	14	1.799986e+01	
2018	7	19	17	14	2.805380e+01	
2018	7	19	17	14	3.811023e+01	
2018	7	19	17	14	4.816758e+01	
2018	7	19	17	14	5.820463e+01	
2018	7	19	17	15	8.259424e+00	
2018	7	19	17	15	1.831434e+01	
2018	7	19	17	15	2.836077e+01	
2018	7	19	17	15	3.840884e+01	
2018	7	19	17	15	4.846835e+01	
2018	7	19	17	15	5.851608e+01	
2018	7	19	17	16	8.564084e+00	
2018	7	19	17	16	1.881195e+01	
2018	7	19	17	16	2.884160e+01	
2018	7	19	17	16	3.892141e+01	
2018	7	19	17	16	4.896232e+01	
2018	7	19	17	16	5.901379e+01	
2018	7	19	17	17	9.256459e+00	
2018	7	19	17	17	1.930110e+01	
2018	7	19	17	17	2.934962e+01	
2018	7	19	17	17	3.960478e+01	
2018	7	19	17	17	4.965213e+01	
2018	7	19	17	17	5.984333e+01	
2018	7	19	17	18	1.008470e+01	
2018	7	19	17	18	2.032276e+01	
2018	7	19	17	18	3.053320e+01	
2018	7	19	17	18	4.057148e+01	
2018	7	19	17	18	5.083667e+01	
2018	7	19	17	19	1.085178e+00	
2018	7	19	17	19	1.131412e+01	
2018	7	19	17	19	2.179378e+01	
2018	7	19	17	19	3.200648e+01	
2018	7	19	17	19	4.227224e+01	
2018	7	19	17	19	5.252899e+01	
2018	7	19	17	20	2.556493e+00	
2018	7	19	17	20	1.294988e+01	
2018	7	19	17	20	2.317816e+01	
2018	7	19	17	20	3.344300e+01	
2018	7	19	17	20	4.347655e+01	
2018	7	19	17	20	5.374750e+01	
2018	7	19	17	21	3.981827e+00	
2018	7	19	17	21	1.422889e+01	
2018	7	19	17	21	2.428624e+01	
2018	7	19	17	21	3.455315e+01	
2018	7	19	17	21	4.477672e+01	
2018	7	19	17	21	5.500332e+01	
2018	7	19	17	22	5.273537e+00	
2018	7	19	17	22	1.554666e+01	
2018	7	19	17	22	2.583246e+01	
2018	7	19	17	22	3.609198e+01	
2018	7	19	17	22	4.632181e+01	
2018	7	19	17	22	5.659415e+01	
2018	7	19	17	23	6.824796e+00	
2018	7	19	17	23	1.710683e+01	
2018	7	19	17	23	2.735763e+01	
2018	7	19	17	23	3.760645e+01	
2018	7	19	17	23	4.785230e+01	
2018	7	19	17	23	5.806954e+01	
2018	7	19	17	24	8.346530e+00	
2018	7	19	17	24	1.869093e+01	
2018	7	19	17	24	2.895303e+01	
2018	7	19	17	24	3.922899e+01	
2018	7	19	17	24	4.947146e+01	
2018	7	19	17	24	5.973388e+01	
2018	7	19	17	25	1.011903e+01	
2018	7	19	17	25	2.037288e+01	
2018	7	19	17	25	3.063132e+01	
2018	7	19	17	25	4.089473e+01	
2018	7	19	17	25	5.113103e+01	
2018	7	19	17	26	1.373888e+00	
2018	7	19	17	26	1.164489e+01	
2018	7	19	17	26	2.193318e+01	
2018	7	19	17	26	3.218822e+01	
2018	7	19	17	26	4.243605e+01	
2018	7	19	17	26	5.271959e+01	
2018	7	19	17	27	2.976854e+00	
2018	7	19	17	27	1.326810e+01	
2018	7	19	17	27	2.353132e+01	
2018	7	19	17	27	3.381235e+01	
2018	7	19	17	27	4.411768e+01	
2018	7	19	17	27	5.440269e+01	
2018	7	19	17	28	4.694170e+00	
2018	7	19	17	28	1.496697e+01	
2018	7	19	17	28	2.528535e+01	
2018	7	19	17	28	3.557842e+01	
2018	7	19	17	28	4.584389e+01	
2018	7	19	17	28	5.614698e+01	
2018	7	19	17	29	6.429978e+00	
2018	7	19	17	29	1.647943e+01	
2018	7	19	17	29	2.654060e+01	
2018	7	19	17	29	3.660322e+01	
2018	7	19	17	29	4.665597e+01	
2018	7	19	17	29	5.671867e+01	
2018	7	19	17	30	6.779186e+00	
2018	7	19	17	30	1.684735e+01	
2018	7	19	17	30	2.690900e+01	
2018	7	19	17	30	3.698529e+01	
2018	7	19	17	30	4.705521e+01	
2018	7	19	17	30	5.712935e+01	
2018	7	19	17	31	7.198918e+00	
2018	7	19	17	31	1.725494e+01	
2018	7	19	17	31	2.731826e+01	
2018	7	19	17	31	3.738655e+01	
2018	7	19	17	31	4.745757e+01	
2018	7	19	17	31	5.752067e+01	
2018	7	19	17	32	7.571572e+00	
2018	7	19	17	32	1.763988e+01	
2018	7	19	17	32	2.770515e+01	
2018	7	19	17	32	3.776738e+01	
2018	7	19	17	32	4.783166e+01	
2018	7	19	17	32	5.789370e+01	
2018	7	19	17	33	7.961210e+00	
2018	7	19	17	33	1.801801e+01	
2018	7	19	17	33	2.807981e+01	
2018	7	19	17	33	3.815141e+01	
2018	7	19	17	33	4.822247e+01	
2018	7	19	17	33	5.828814e+01	
2018	7	19	17	34	8.353493e+00	
2018	7	19	17	34	1.843933e+01	
2018	7	19	17	34	2.852349e+01	
2018	7	19	17	34	3.860914e+01	
2018	7	19	17	34	4.868073e+01	
2018	7	19	17	34	5.874707e+01	
2018	7	19	17	35	8.819042e+00	
2018	7	19	17	35	1.890511e+01	
2018	7	19	17	35	2.898321e+01	
2018	7	19	17	35	3.905569e+01	
2018	7	19	17	35	4.914075e+01	
2018	7	19	17	35	5.922431e+01	
2018	7	19	17	36	9.314109e+00	
2018	7	19	17	36	1.939905e+01	
2018	7	19	17	36	2.947276e+01	
2018	7	19	17	36	3.954608e+01	
2018	7	19	17	36	4.962009e+01	
2018	7	19	17	36	5.969083e+01	
2018	7	19	17	37	9.776882e+00	
2018	7	19	17	37	1.984527e+01	
2018	7	19	17	37	2.992188e+01	
2018	7	19	17	37	4.000106e+01	
2018	7	19	17	37	5.008690e+01	
2018	7	19	17	38	1.606780e-01	
2018	7	19	17	38	1.024664e+01	
2018	7	19	17	38	2.033863e+01	
2018	7	19	17	38	3.043456e+01	
2018	7	19	17	38	4.052283e+01	
2018	7	19	17	38	5.061834e+01	
2018	7	19	17	39	7.118820e-01	
2018	7	19	17	39	1.080653e+01	
2018	7	19	17	39	2.094966e+01	
2018	7	19	17	39	3.103000e+01	
2018	7	19	17	39	4.111153e+01	
2018	7	19	17	39	5.118800e+01	
2018	7	19	17	40	1.277641e+00	
2018	7	19	17	40	1.135128e+01	
2018	7	19	17	40	2.143676e+01	
2018	7	19	17	40	3.151691e+01	
2018	7	19	17	40	4.122159e+01	
2018	7	19	17	40	5.127202e+01	
2018	7	19	17	41	1.363525e+00	
2018	7	19	17	41	1.145609e+01	
2018	7	19	17	41	2.154958e+01	
2018	7	19	17	41	3.163912e+01	
2018	7	19	17	41	4.173156e+01	
2018	7	19	17	41	5.182652e+01	
2018	7	19	17	42	1.907151e+00	
2018	7	19	17	42	1.200037e+01	
2018	7	19	17	42	2.208620e+01	
2018	7	19	17	42	3.217863e+01	
2018	7	19	17	42	4.225570e+01	
2018	7	19	17	42	5.233681e+01	
2018	7	19	17	43	2.433013e+00	
2018	7	19	17	43	1.253420e+01	
2018	7	19	17	43	2.262250e+01	
2018	7	19	17	43	3.271117e+01	
2018	7	19	17	43	4.280672e+01	
2018	7	19	17	43	5.289478e+01	
2018	7	19	17	44	2.976176e+00	
2018	7	19	17	44	1.305618e+01	
2018	7	19	17	44	2.314443e+01	
2018	7	19	17	44	3.323503e+01	
2018	7	19	17	44	4.333608e+01	
2018	7	19	17	44	5.343803e+01	
2018	7	19	17	45	3.529287e+00	
2018	7	19	17	45	1.363144e+01	
2018	7	19	17	45	2.373133e+01	
2018	7	19	17	45	3.382153e+01	
2018	7	19	17	45	4.392801e+01	
2018	7	19	17	45	5.402608e+01	
2018	7	19	17	46	4.130531e+00	
2018	7	19	17	46	1.421821e+01	
2018	7	19	17	46	2.430691e+01	
2018	7	19	17	46	3.440017e+01	
2018	7	19	17	46	4.450011e+01	
2018	7	19	17	46	5.459546e+01	
2018	7	19	17	47	4.662502e+00	
2018	7	19	17	47	1.473769e+01	
2018	7	19	17	47	2.482764e+01	
2018	7	19	17	47	3.488425e+01	
2018	7	19	17	47	4.496236e+01	
2018	7	19	17	47	5.504486e+01	
2018	7	19	17	48	5.123483e+00	
2018	7	19	17	48	1.518370e+01	
2018	7	19	17	48	2.525929e+01	
2018	7	19	17	48	3.533614e+01	
2018	7	19	17	48	4.541430e+01	
2018	7	19	17	48	5.547850e+01	
2018	7	19	17	49	5.541555e+00	
2018	7	19	17	49	1.563445e+01	
2018	7	19	17	49	2.572743e+01	
2018	7	19	17	49	3.580289e+01	
2018	7	19	17	49	4.588645e+01	
2018	7	19	17	49	5.596426e+01	
2018	7	19	17	50	6.032179e+00	
2018	7	19	17	50	1.611563e+01	
2018	7	19	17	50	2.198063e+01	
2018	7	19	17	50	3.202996e+01	
2018	7	19	17	50	4.208046e+01	
2018	7	19	17	50	5.212275e+01	
2018	7	19	17	51	2.155837e+00	
2018	7	19	17	51	1.219471e+01	
2018	7	19	17	51	2.223571e+01	
2018	7	19	17	51	3.227493e+01	
2018	7	19	17	51	4.232913e+01	
2018	7	19	17	51	5.237581e+01	
2018	7	19	17	52	2.425860e+00	
2018	7	19	17	52	1.247787e+01	
2018	7	19	17	52	2.253048e+01	
2018	7	19	17	52	3.259723e+01	
2018	7	19	17	52	3.555041e+01	
2018	7	19	17	52	4.558014e+01	
2018	7	19	17	52	5.565750e+01	
2018	7	19	17	53	5.720171e+00	
2018	7	19	17	53	1.579990e+01	
2018	7	19	17	53	2.586626e+01	
2018	7	19	17	53	3.594405e+01	
2018	7	19	17	53	4.601436e+01	
2018	7	19	17	53	5.607890e+01	
2018	7	19	17	54	6.146711e+00	
2018	7	19	17	54	1.621772e+01	
2018	7	19	17	54	2.630313e+01	
2018	7	19	17	54	3.638757e+01	
2018	7	19	17	54	4.647447e+01	
2018	7	19	17	54	5.654559e+01	
2018	7	19	17	55	6.623597e+00	
2018	7	19	17	55	1.670780e+01	
2018	7	19	17	55	2.678601e+01	
2018	7	19	17	55	3.685232e+01	
2018	7	19	17	55	4.692663e+01	
2018	7	19	17	55	5.700324e+01	
2018	7	19	17	56	7.074079e+00	
2018	7	19	17	56	1.715695e+01	
2018	7	19	17	56	2.724360e+01	
2018	7	19	17	56	3.731286e+01	
2018	7	19	17	56	4.738317e+01	
2018	7	19	17	56	5.745024e+01	
2018	7	19	17	57	7.522534e+00	
2018	7	19	17	57	1.758872e+01	
2018	7	19	17	57	2.766220e+01	
2018	7	19	17	57	3.773592e+01	
2018	7	19	17	57	4.780871e+01	
2018	7	19	17	57	5.788302e+01	
2018	7	19	17	58	7.964876e+00	
2018	7	19	17	58	1.803649e+01	
2018	7	19	17	58	2.810401e+01	
2018	7	19	17	58	3.817749e+01	
2018	7	19	17	58	4.825724e+01	
2018	7	19	17	58	5.833210e+01	
2018	7	19	17	59	8.422024e+00	
2018	7	19	17	59	1.849583e+01	
2018	7	19	17	59	2.857368e+01	
2018	7	19	17	59	3.865811e+01	
2018	7	19	17	59	4.874216e+01	
2018	7	19	17	59	5.882039e+01	
2018	7	19	18	0	8.898438e+00	
2018	7	19	18	0	1.896552e+01	
2018	7	19	18	0	2.905356e+01	
2018	7	19	18	0	3.914235e+01	
2018	7	19	18	0	4.922229e+01	
2018	7	19	18	0	5.931459e+01	
2018	7	19	18	1	9.393892e+00	
2018	7	19	18	1	1.948038e+01	
2018	7	19	18	1	2.956263e+01	
2018	7	19	18	1	3.964168e+01	
2018	7	19	18	1	4.972145e+01	
2018	7	19	18	1	5.979559e+01	
2018	7	19	18	2	9.880831e+00	
2018	7	19	18	2	1.996764e+01	
2018	7	19	18	2	3.004718e+01	
2018	7	19	18	2	4.012085e+01	
2018	7	19	18	2	5.026056e+01	
2018	7	19	18	3	3.368920e-01	
2018	7	19	18	3	1.040513e+01	
2018	7	19	18	3	2.047849e+01	
2018	7	19	18	3	3.056119e+01	
2018	7	19	18	3	4.064562e+01	
2018	7	19	18	3	5.073153e+01	
2018	7	19	18	4	8.259500e-01	
2018	7	19	18	4	1.090115e+01	
2018	7	19	18	4	2.098619e+01	
2018	7	19	18	4	3.107735e+01	
2018	7	19	18	4	4.115460e+01	
2018	7	19	18	4	5.123388e+01	
2018	7	19	18	5	1.328502e+00	
2018	7	19	18	5	1.141161e+01	
2018	7	19	18	5	2.149252e+01	
2018	7	19	18	5	3.157709e+01	
2018	7	19	18	5	4.167200e+01	
2018	7	19	18	5	5.175239e+01	
2018	7	19	18	6	1.832144e+00	
2018	7	19	18	6	1.192003e+01	
2018	7	19	18	6	2.199947e+01	
2018	7	19	18	6	3.207636e+01	
2018	7	19	18	6	4.215915e+01	
2018	7	19	18	6	5.224762e+01	
2018	7	19	18	7	2.341548e+00	
2018	7	19	18	7	1.242320e+01	
2018	7	19	18	7	2.251338e+01	
2018	7	19	18	7	3.260383e+01	
2018	7	19	18	7	4.268930e+01	
2018	7	19	18	7	5.277903e+01	
2018	7	19	18	8	2.862917e+00	
2018	7	19	18	8	1.296892e+01	
2018	7	19	18	8	2.305455e+01	
2018	7	19	18	8	3.314306e+01	
2018	7	19	18	8	4.322454e+01	
2018	7	19	18	8	5.331746e+01	
2018	7	19	18	9	3.402666e+00	
2018	7	19	18	9	1.348390e+01	
2018	7	19	18	9	2.357771e+01	
2018	7	19	18	9	3.366903e+01	
2018	7	19	18	9	4.376523e+01	
2018	7	19	18	9	5.386382e+01	
2018	7	19	18	10	3.946806e+00	
2018	7	19	18	10	1.403786e+01	
2018	7	19	18	10	2.412476e+01	
2018	7	19	18	10	3.420445e+01	
2018	7	19	18	10	4.430279e+01	
2018	7	19	18	10	5.439362e+01	
2018	7	19	18	11	4.490163e+00	
2018	7	19	18	11	1.458630e+01	
2018	7	19	18	11	2.468615e+01	
2018	7	19	18	11	3.477989e+01	
2018	7	19	18	11	4.487014e+01	
2018	7	19	18	11	5.495504e+01	
2018	7	19	18	12	5.033246e+00	
2018	7	19	18	12	1.511808e+01	
2018	7	19	18	12	2.521778e+01	
2018	7	19	18	12	3.532430e+01	
2018	7	19	18	12	4.541827e+01	
2018	7	19	18	12	5.550970e+01	
2018	7	19	18	13	5.594592e+00	
2018	7	19	18	13	1.569356e+01	
2018	7	19	18	13	2.577437e+01	
2018	7	19	18	13	3.586076e+01	
2018	7	19	18	13	4.594810e+01	
2018	7	19	18	13	5.604284e+01	
2018	7	19	18	14	6.147699e+00	
2018	7	19	18	14	1.622931e+01	
2018	7	19	18	14	2.632199e+01	
2018	7	19	18	14	3.642347e+01	
2018	7	19	18	14	4.074836e+01	
2018	7	19	18	14	5.080302e+01	
2018	7	19	18	15	8.647080e-01	
2018	7	19	18	15	1.091863e+01	
2018	7	19	18	15	2.098095e+01	
2018	7	19	18	15	3.103286e+01	
2018	7	19	18	15	4.108961e+01	
2018	7	19	18	15	5.113506e+01	
2018	7	19	18	16	1.181928e+00	
2018	7	19	18	16	1.123246e+01	
2018	7	19	18	16	2.127355e+01	
2018	7	19	18	16	3.133381e+01	
2018	7	19	18	16	4.139923e+01	
2018	7	19	18	16	5.147213e+01	
2018	7	19	18	17	1.547312e+00	
2018	7	19	18	17	1.159977e+01	
2018	7	19	18	17	2.165215e+01	
2018	7	19	18	17	3.171668e+01	
2018	7	19	18	17	4.177937e+01	
2018	7	19	18	17	5.182538e+01	
2018	7	19	18	18	1.868882e+00	
2018	7	19	18	18	1.192572e+01	
2018	7	19	18	18	2.198820e+01	
2018	7	19	18	18	3.204893e+01	
2018	7	19	18	18	4.211291e+01	
2018	7	19	18	18	5.217028e+01	
2018	7	19	18	19	2.236211e+00	
2018	7	19	18	19	1.228442e+01	
2018	7	19	18	19	2.233706e+01	
2018	7	19	18	19	3.239594e+01	
2018	7	19	18	19	4.244506e+01	
2018	7	19	18	19	5.250818e+01	
2018	7	19	18	20	2.564793e+00	
2018	7	19	18	20	1.262289e+01	
2018	7	19	18	20	2.267432e+01	
2018	7	19	18	20	3.273733e+01	
2018	7	19	18	20	4.278670e+01	
2018	7	19	18	20	5.283812e+01	
2018	7	19	18	21	2.889269e+00	
2018	7	19	18	21	1.295195e+01	
2018	7	19	18	21	2.300480e+01	
2018	7	19	18	21	3.304277e+01	
2018	7	19	18	21	4.309746e+01	
2018	7	19	18	21	5.316204e+01	
2018	7	19	18	22	3.200411e+00	
2018	7	19	18	22	1.324093e+01	
2018	7	19	18	22	2.330246e+01	
2018	7	19	18	22	3.336441e+01	
2018	7	19	18	22	4.340385e+01	
2018	7	19	18	22	5.344722e+01	
2018	7	19	18	23	3.502651e+00	
2018	7	19	18	23	1.356217e+01	
2018	7	19	18	23	2.362377e+01	
2018	7	19	18	23	3.367822e+01	
2018	7	19	18	23	4.373560e+01	
2018	7	19	18	23	5.378912e+01	
2018	7	19	18	24	3.833788e+00	
2018	7	19	18	24	1.389426e+01	
2018	7	19	18	24	2.395483e+01	
2018	7	19	18	24	3.400046e+01	
2018	7	19	18	24	4.405192e+01	
2018	7	19	18	24	5.410341e+01	
2018	7	19	18	25	4.158635e+00	
2018	7	19	18	25	1.421350e+01	
2018	7	19	18	25	2.425691e+01	
2018	7	19	18	25	3.430276e+01	
2018	7	19	18	25	4.435316e+01	
2018	7	19	18	25	5.442408e+01	
2018	7	19	18	26	4.487735e+00	
2018	7	19	18	26	1.120751e+01	
2018	7	19	18	26	2.125639e+01	
2018	7	19	18	26	3.131088e+01	
2018	7	19	18	26	4.139938e+01	
2018	7	19	18	26	5.150122e+01	
2018	7	19	18	27	1.584810e+00	
2018	7	19	18	27	1.168959e+01	
2018	7	19	18	27	2.179313e+01	
2018	7	19	18	27	3.188517e+01	
2018	7	19	18	27	4.198443e+01	
2018	7	19	18	27	5.207123e+01	
2018	7	19	18	28	2.182111e+00	
2018	7	19	18	28	1.227370e+01	
2018	7	19	18	28	2.237639e+01	
2018	7	19	18	28	3.246626e+01	
2018	7	19	18	28	4.256729e+01	
2018	7	19	18	28	5.265308e+01	
2018	7	19	18	29	2.740435e+00	
2018	7	19	18	29	1.283759e+01	
2018	7	19	18	29	2.295275e+01	
2018	7	19	18	29	3.305809e+01	
2018	7	19	18	29	4.316757e+01	
2018	7	19	18	29	5.328024e+01	
2018	7	19	18	30	3.386182e+00	
2018	7	19	18	30	1.349892e+01	
2018	7	19	18	30	2.359368e+01	
2018	7	19	18	30	3.370062e+01	
2018	7	19	18	30	4.380355e+01	
2018	7	19	18	30	5.390706e+01	
2018	7	19	18	31	4.009304e+00	
2018	7	19	18	31	1.411214e+01	
2018	7	19	18	31	2.423388e+01	
2018	7	19	18	31	3.433271e+01	
2018	7	19	18	31	4.443104e+01	
2018	7	19	18	31	5.453347e+01	
2018	7	19	18	32	4.629214e+00	
2018	7	19	18	32	1.473607e+01	
2018	7	19	18	32	2.482196e+01	
2018	7	19	18	32	3.490959e+01	
2018	7	19	18	32	4.499871e+01	
2018	7	19	18	32	5.508509e+01	
2018	7	19	18	33	5.175112e+00	
2018	7	19	18	33	1.527828e+01	
2018	7	19	18	33	2.539049e+01	
2018	7	19	18	33	3.549947e+01	
2018	7	19	18	33	4.558834e+01	
2018	7	19	18	33	5.568404e+01	
2018	7	19	18	34	5.789921e+00	
2018	7	19	18	34	1.588102e+01	
2018	7	19	18	34	2.598727e+01	
2018	7	19	18	34	3.607694e+01	
2018	7	19	18	34	4.617918e+01	
2018	7	19	18	34	5.627437e+01	
2018	7	19	18	35	6.372907e+00	
2018	7	19	18	35	1.646680e+01	
2018	7	19	18	35	2.656959e+01	
2018	7	19	18	35	3.666873e+01	
2018	7	19	18	35	4.675441e+01	
2018	7	19	18	35	5.685456e+01	
2018	7	19	18	36	6.954315e+00	
2018	7	19	18	36	1.704881e+01	
2018	7	19	18	36	2.714468e+01	
2018	7	19	18	36	3.724998e+01	
2018	7	19	18	36	4.734358e+01	
2018	7	19	18	36	5.745370e+01	
2018	7	19	18	37	7.561716e+00	
2018	7	19	18	37	1.767080e+01	
2018	7	19	18	37	2.777144e+01	
2018	7	19	18	37	3.787049e+01	
2018	7	19	18	37	4.797112e+01	
2018	7	19	18	37	5.808198e+01	
2018	7	19	18	38	8.178295e+00	
2018	7	19	18	38	1.828828e+01	
2018	7	19	18	38	2.838719e+01	
2018	7	19	18	38	3.848727e+01	
2018	7	19	18	38	4.857379e+01	
2018	7	19	18	38	5.867317e+01	
2018	7	19	18	39	8.786256e+00	
2018	7	19	18	39	1.887838e+01	
2018	7	19	18	39	2.899607e+01	
2018	7	19	18	39	3.909868e+01	
2018	7	19	18	39	4.919753e+01	
2018	7	19	18	39	5.930784e+01	
2018	7	19	18	40	9.415535e+00	
2018	7	19	18	40	1.952756e+01	
2018	7	19	18	40	2.962744e+01	
2018	7	19	18	40	3.973881e+01	
2018	7	19	18	40	4.983735e+01	
2018	7	19	18	40	5.994432e+01	
2018	7	19	18	41	1.004154e+01	
2018	7	19	18	41	2.015421e+01	
2018	7	19	18	41	3.026747e+01	
2018	7	19	18	41	4.037580e+01	
2018	7	19	18	41	5.048919e+01	
2018	7	19	18	42	6.076800e-01	
2018	7	19	18	42	1.072462e+01	
2018	7	19	18	42	2.082759e+01	
2018	7	19	18	42	3.093239e+01	
2018	7	19	18	42	4.104212e+01	
2018	7	19	18	42	5.115223e+01	
2018	7	19	18	43	1.250539e+00	
2018	7	19	18	43	1.134078e+01	
2018	7	19	18	43	2.143424e+01	
2018	7	19	18	43	3.154311e+01	
2018	7	19	18	43	4.165841e+01	
2018	7	19	18	43	5.176060e+01	
2018	7	19	18	44	1.867630e+00	
2018	7	19	18	44	1.197300e+01	
2018	7	19	18	44	2.208345e+01	
2018	7	19	18	44	3.220004e+01	
2018	7	19	18	44	4.231112e+01	
2018	7	19	18	44	5.241897e+01	
2018	7	19	18	45	2.539176e+00	
2018	7	19	18	45	1.264215e+01	
2018	7	19	18	45	2.274947e+01	
2018	7	19	18	45	3.284895e+01	
2018	7	19	18	45	4.295299e+01	
2018	7	19	18	45	5.306124e+01	
2018	7	19	18	46	3.167498e+00	
2018	7	19	18	46	1.327560e+01	
2018	7	19	18	46	2.337900e+01	
2018	7	19	18	46	3.349451e+01	
2018	7	19	18	46	4.359969e+01	
2018	7	19	18	46	5.370735e+01	
2018	7	19	18	47	3.822565e+00	
2018	7	19	18	47	1.392930e+01	
2018	7	19	18	47	2.402428e+01	
2018	7	19	18	47	3.413627e+01	
2018	7	19	18	47	4.422994e+01	
2018	7	19	18	47	5.432600e+01	
2018	7	19	18	48	4.429369e+00	
2018	7	19	18	48	1.453360e+01	
2018	7	19	18	48	2.463840e+01	
2018	7	19	18	48	3.475529e+01	
2018	7	19	18	48	4.487510e+01	
2018	7	19	18	48	5.498522e+01	
2018	7	19	18	49	5.080822e+00	
2018	7	19	18	49	1.519570e+01	
2018	7	19	18	49	2.530646e+01	
2018	7	19	18	49	3.540010e+01	
2018	7	19	18	49	4.552860e+01	
2018	7	19	18	49	5.563473e+01	
2018	7	19	18	50	5.744026e+00	
2018	7	19	18	50	1.584281e+01	
2018	7	19	18	50	2.594217e+01	
2018	7	19	18	50	3.604787e+01	
2018	7	19	18	50	4.615176e+01	
2018	7	19	18	50	5.626617e+01	
2018	7	19	18	51	6.367637e+00	
2018	7	19	18	51	1.648432e+01	
2018	7	19	18	51	2.660133e+01	
2018	7	19	18	51	3.671550e+01	
2018	7	19	18	51	4.682007e+01	
2018	7	19	18	51	5.693097e+01	
2018	7	19	18	52	7.027897e+00	
2018	7	19	18	52	1.713029e+01	
2018	7	19	18	52	2.724331e+01	
2018	7	19	18	52	3.735552e+01	
2018	7	19	18	52	4.747152e+01	
2018	7	19	18	52	5.760012e+01	
2018	7	19	18	53	7.731217e+00	
2018	7	19	18	53	1.787468e+01	
2018	7	19	18	53	2.797857e+01	
2018	7	19	18	53	3.808358e+01	
2018	7	19	18	53	4.820357e+01	
2018	7	19	18	53	5.831253e+01	
2018	7	19	18	54	8.433254e+00	
2018	7	19	18	54	1.854870e+01	
2018	7	19	18	54	2.864876e+01	
2018	7	19	18	54	3.877185e+01	
2018	7	19	18	54	4.888776e+01	
2018	7	19	18	54	5.898700e+01	
2018	7	19	18	55	8.793896e+00	
2018	7	19	18	55	1.886419e+01	
2018	7	19	18	55	2.892496e+01	
2018	7	19	18	55	3.898206e+01	
2018	7	19	18	55	4.904590e+01	
2018	7	19	18	55	5.912369e+01	
2018	7	19	18	56	9.186066e+00	
2018	7	19	18	56	1.924351e+01	
2018	7	19	18	56	2.930549e+01	
2018	7	19	18	56	3.937485e+01	
2018	7	19	18	56	4.944265e+01	
2018	7	19	18	56	5.950124e+01	
2018	7	19	18	57	9.570463e+00	
2018	7	19	18	57	1.964029e+01	
2018	7	19	18	57	2.974615e+01	
2018	7	19	18	57	3.988341e+01	
2018	7	19	18	57	4.996744e+01	
2018	7	19	18	58	6.664100e-02	
2018	7	19	18	58	1.014604e+01	
2018	7	19	18	58	2.021050e+01	
2018	7	19	18	58	3.029826e+01	
2018	7	19	18	58	4.036335e+01	
2018	7	19	18	58	5.043350e+01	
2018	7	19	18	59	5.389270e-01	
2018	7	19	18	59	1.061402e+01	
2018	7	19	18	59	2.072923e+01	
2018	7	19	18	59	3.079084e+01	
2018	7	19	18	59	4.085837e+01	
2018	7	19	18	59	5.094556e+01	
2018	7	19	19	0	1.018928e+00	
2018	7	19	19	0	1.108439e+01	
2018	7	19	19	0	2.116104e+01	
2018	7	19	19	0	3.123208e+01	
2018	7	19	19	0	4.131887e+01	
2018	7	19	19	0	5.139766e+01	
2018	7	19	19	1	1.469265e+00	
2018	7	19	19	1	1.154926e+01	
2018	7	19	19	1	2.164125e+01	
2018	7	19	19	1	3.173673e+01	
2018	7	19	19	1	4.181125e+01	
2018	7	19	19	1	5.189412e+01	
2018	7	19	19	2	1.977804e+00	
2018	7	19	19	2	1.205254e+01	
2018	7	19	19	2	2.214244e+01	
2018	7	19	19	2	3.223628e+01	
2018	7	19	19	2	4.231709e+01	
2018	7	19	19	2	5.239596e+01	
2018	7	19	19	3	2.481374e+00	
2018	7	19	19	3	1.256758e+01	
2018	7	19	19	3	2.271205e+01	
2018	7	19	19	3	3.283414e+01	
2018	7	19	19	3	4.291404e+01	
2018	7	19	19	3	5.309071e+01	
2018	7	19	19	4	3.166089e+00	
2018	7	19	19	4	1.325056e+01	
2018	7	19	19	4	2.332366e+01	
2018	7	19	19	4	3.339456e+01	
2018	7	19	19	4	4.352627e+01	
2018	7	19	19	4	5.366529e+01	
2018	7	19	19	5	3.747560e+00	
2018	7	19	19	5	1.381582e+01	
2018	7	19	19	5	2.396275e+01	
2018	7	19	19	5	3.402296e+01	
2018	7	19	19	5	4.414960e+01	
2018	7	19	19	5	5.420987e+01	
2018	7	19	19	6	4.282894e+00	
2018	7	19	19	6	1.439554e+01	
2018	7	19	19	6	2.446040e+01	
2018	7	19	19	6	3.455339e+01	
2018	7	19	19	6	4.460872e+01	
2018	7	19	19	6	5.468775e+01	
2018	7	19	19	7	4.832098e+00	
2018	7	19	19	7	1.504144e+01	
2018	7	19	19	7	2.510701e+01	
2018	7	19	19	7	3.516504e+01	
2018	7	19	19	7	4.526364e+01	
2018	7	19	19	7	5.535347e+01	
2018	7	19	19	8	5.438295e+00	
2018	7	19	19	8	1.551327e+01	
2018	7	19	19	8	2.560509e+01	
2018	7	19	19	8	3.568288e+01	
2018	7	19	19	8	4.575414e+01	
2018	7	19	19	8	5.583910e+01	
2018	7	19	19	9	5.920083e+00	
2018	7	19	19	9	1.600481e+01	
2018	7	19	19	9	2.606986e+01	
2018	7	19	19	9	3.613879e+01	
2018	7	19	19	9	4.620869e+01	
2018	7	19	19	9	5.629421e+01	
2018	7	19	19	10	6.359072e+00	
2018	7	19	19	10	1.644272e+01	
2018	7	19	19	10	2.655371e+01	
2018	7	19	19	10	3.664815e+01	
2018	7	19	19	10	4.671538e+01	
2018	7	19	19	10	5.678602e+01	
2018	7	19	19	11	6.896692e+00	
2018	7	19	19	11	1.707551e+01	
2018	7	19	19	11	2.715761e+01	
2018	7	19	19	11	3.722183e+01	
2018	7	19	19	11	4.728515e+01	
2018	7	19	19	11	5.735040e+01	
2018	7	19	19	12	7.421181e+00	
2018	7	19	19	12	1.748555e+01	
2018	7	19	19	12	2.755231e+01	
2018	7	19	19	12	3.762283e+01	
2018	7	19	19	12	4.769049e+01	
2018	7	19	19	12	5.774688e+01	
2018	7	19	19	13	7.817433e+00	
2018	7	19	19	13	1.788628e+01	
2018	7	19	19	13	2.795773e+01	
2018	7	19	19	13	3.803600e+01	
2018	7	19	19	13	4.813683e+01	
2018	7	19	19	13	5.819573e+01	
2018	7	19	19	14	8.258194e+00	
2018	7	19	19	14	1.831799e+01	
2018	7	19	19	14	2.838224e+01	
2018	7	19	19	14	3.845429e+01	
2018	7	19	19	14	4.852438e+01	
2018	7	19	19	14	5.858920e+01	
2018	7	19	19	15	8.660059e+00	
2018	7	19	19	15	1.872367e+01	
2018	7	19	19	15	2.877734e+01	
2018	7	19	19	15	3.883788e+01	
2018	7	19	19	15	4.890460e+01	
2018	7	19	19	15	5.897302e+01	
2018	7	19	19	16	9.039440e+00	
2018	7	19	19	16	1.910023e+01	
2018	7	19	19	16	2.917134e+01	
2018	7	19	19	16	3.924369e+01	
2018	7	19	19	16	4.931499e+01	
2018	7	19	19	16	5.937067e+01	
2018	7	19	19	17	9.439219e+00	
2018	7	19	19	17	1.950387e+01	
2018	7	19	19	17	2.956166e+01	
2018	7	19	19	17	3.961658e+01	
2018	7	19	19	17	4.967693e+01	
2018	7	19	19	17	5.975345e+01	
2018	7	19	19	18	9.809832e+00	
2018	7	19	19	18	1.986742e+01	
2018	7	19	19	18	2.994045e+01	
2018	7	19	19	18	4.000098e+01	
2018	7	19	19	18	5.006229e+01	
2018	7	19	19	19	1.342110e-01	
2018	7	19	19	19	1.020250e+01	
2018	7	19	19	19	2.031940e+01	
2018	7	19	19	19	3.039157e+01	
2018	7	19	19	19	4.045167e+01	
2018	7	19	19	19	5.051057e+01	
2018	7	19	19	20	5.901010e-01	
2018	7	19	19	20	1.064991e+01	
2018	7	19	19	20	2.071518e+01	
2018	7	19	19	20	3.078953e+01	
2018	7	19	19	20	4.085451e+01	
2018	7	19	19	20	5.093151e+01	
2018	7	19	19	21	1.004044e+00	
2018	7	19	19	21	1.106962e+01	
2018	7	19	19	21	2.114744e+01	
2018	7	19	19	21	3.121760e+01	
2018	7	19	19	21	4.128199e+01	
2018	7	19	19	21	5.135023e+01	
2018	7	19	19	22	1.414208e+00	
2018	7	19	19	22	1.147375e+01	
2018	7	19	19	22	2.153843e+01	
2018	7	19	19	22	3.159867e+01	
2018	7	19	19	22	4.166936e+01	
2018	7	19	19	22	5.173288e+01	
2018	7	19	19	23	1.799905e+00	
2018	7	19	19	23	1.187233e+01	
2018	7	19	19	23	2.194246e+01	
2018	7	19	19	23	3.201992e+01	
2018	7	19	19	23	4.209216e+01	
2018	7	19	19	23	5.216528e+01	
2018	7	19	19	24	2.232375e+00	
2018	7	19	19	24	1.230306e+01	
2018	7	19	19	24	2.238185e+01	
2018	7	19	19	24	3.243985e+01	
2018	7	19	19	24	4.250379e+01	
2018	7	19	19	24	5.256838e+01	
2018	7	19	19	25	2.629256e+00	
2018	7	19	19	25	1.269947e+01	
2018	7	19	19	25	2.276310e+01	
2018	7	19	19	25	3.282825e+01	
2018	7	19	19	25	4.289970e+01	
2018	7	19	19	25	5.297560e+01	
2018	7	19	19	26	3.030887e+00	
2018	7	19	19	26	1.309987e+01	
2018	7	19	19	26	2.317145e+01	
2018	7	19	19	26	3.322943e+01	
2018	7	19	19	26	4.330594e+01	
2018	7	19	19	26	5.336636e+01	
2018	7	19	19	27	3.440344e+00	
2018	7	19	19	27	1.351391e+01	
2018	7	19	19	27	2.357190e+01	
2018	7	19	19	27	3.363848e+01	
2018	7	19	19	27	4.370037e+01	
2018	7	19	19	27	5.377386e+01	
2018	7	19	19	28	3.849754e+00	
2018	7	19	19	28	1.392211e+01	
2018	7	19	19	28	2.398552e+01	
2018	7	19	19	28	3.404255e+01	
2018	7	19	19	28	4.410880e+01	
2018	7	19	19	28	5.417648e+01	
2018	7	19	19	29	4.235756e+00	
2018	7	19	19	29	1.430299e+01	
2018	7	19	19	29	2.439037e+01	
2018	7	19	19	29	3.445485e+01	
2018	7	19	19	29	4.453329e+01	
2018	7	19	19	29	5.462832e+01	
2018	7	19	19	30	4.685194e+00	
2018	7	19	19	30	1.474844e+01	
2018	7	19	19	30	2.482221e+01	
2018	7	19	19	30	3.488751e+01	
2018	7	19	19	30	4.495887e+01	
2018	7	19	19	30	5.502525e+01	
2018	7	19	19	31	5.102467e+00	
2018	7	19	19	31	1.516517e+01	
2018	7	19	19	31	2.525769e+01	
2018	7	19	19	31	3.529999e+01	
2018	7	19	19	31	4.536149e+01	
2018	7	19	19	31	5.542423e+01	
2018	7	19	19	32	5.476374e+00	
2018	7	19	19	32	1.555473e+01	
2018	7	19	19	32	2.562395e+01	
2018	7	19	19	32	3.569250e+01	
2018	7	19	19	32	4.576288e+01	
2018	7	19	19	32	5.584574e+01	
2018	7	19	19	33	5.913121e+00	
2018	7	19	19	33	1.597273e+01	
2018	7	19	19	33	2.602868e+01	
2018	7	19	19	33	3.607699e+01	
2018	7	19	19	33	4.613623e+01	
2018	7	19	19	33	5.619683e+01	
2018	7	19	19	34	6.262421e+00	
2018	7	19	19	34	1.632028e+01	
2018	7	19	19	34	2.637575e+01	
2018	7	19	19	34	3.644319e+01	
2018	7	19	19	34	4.650617e+01	
2018	7	19	19	34	5.657670e+01	
2018	7	19	19	35	6.643828e+00	
2018	7	19	19	35	1.670774e+01	
2018	7	19	19	35	2.675776e+01	
2018	7	19	19	35	3.681673e+01	
2018	7	19	19	35	4.689456e+01	
2018	7	19	19	35	5.695740e+01	
2018	7	19	19	36	7.023934e+00	
2018	7	19	19	36	1.708698e+01	
2018	7	19	19	36	2.715840e+01	
2018	7	19	19	36	3.723227e+01	
2018	7	19	19	36	4.729811e+01	
2018	7	19	19	36	5.736871e+01	
2018	7	19	19	37	7.424790e+00	
2018	7	19	19	37	1.747937e+01	
2018	7	19	19	37	2.755000e+01	
2018	7	19	19	37	3.760124e+01	
2018	7	19	19	37	4.766753e+01	
2018	7	19	19	37	5.772076e+01	
2018	7	19	19	38	7.789103e+00	
2018	7	19	19	38	1.785055e+01	
2018	7	19	19	38	2.791528e+01	
2018	7	19	19	38	3.798002e+01	
2018	7	19	19	38	4.804557e+01	
2018	7	19	19	38	5.809417e+01	
2018	7	19	19	39	8.153090e+00	
2018	7	19	19	39	1.820183e+01	
2018	7	19	19	39	2.825301e+01	
2018	7	19	19	39	3.831311e+01	
2018	7	19	19	39	4.838722e+01	
2018	7	19	19	39	5.845160e+01	
2018	7	19	19	40	8.509991e+00	
2018	7	19	19	40	1.856721e+01	
2018	7	19	19	40	2.864745e+01	
2018	7	19	19	40	3.870357e+01	
2018	7	19	19	40	4.876672e+01	
2018	7	19	19	40	5.882935e+01	
2018	7	19	19	41	8.900549e+00	
2018	7	19	19	41	1.897627e+01	
2018	7	19	19	41	2.904423e+01	
2018	7	19	19	41	3.913189e+01	
2018	7	19	19	41	4.918836e+01	
2018	7	19	19	41	5.925884e+01	
2018	7	19	19	42	9.315165e+00	
2018	7	19	19	42	1.937254e+01	
2018	7	19	19	42	2.942889e+01	
2018	7	19	19	42	3.948979e+01	
2018	7	19	19	42	4.955254e+01	
2018	7	19	19	42	5.960631e+01	
2018	7	19	19	43	9.659987e+00	
2018	7	19	19	43	1.972423e+01	
2018	7	19	19	43	2.979058e+01	
2018	7	19	19	43	3.985600e+01	
2018	7	19	19	43	4.992598e+01	
2018	7	19	19	43	5.998451e+01	
2018	7	19	19	44	1.005021e+01	
2018	7	19	19	44	2.015060e+01	
2018	7	19	19	44	3.020076e+01	
2018	7	19	19	44	4.026806e+01	
2018	7	19	19	44	5.032942e+01	
2018	7	19	19	45	4.028910e-01	
2018	7	19	19	45	1.045467e+01	
2018	7	19	19	45	2.052613e+01	
2018	7	19	19	45	3.058307e+01	
2018	7	19	19	45	4.065332e+01	
2018	7	19	19	45	5.072404e+01	
2018	7	19	19	46	7.800180e-01	
2018	7	19	19	46	1.085427e+01	
2018	7	19	19	46	2.094649e+01	
2018	7	19	19	46	3.101332e+01	
2018	7	19	19	46	4.107269e+01	
2018	7	19	19	46	5.113781e+01	
2018	7	19	19	47	1.208850e+00	
2018	7	19	19	47	1.127697e+01	
2018	7	19	19	47	2.133896e+01	
2018	7	19	19	47	3.140915e+01	
2018	7	19	19	47	4.147071e+01	
2018	7	19	19	47	5.153860e+01	
2018	7	19	19	48	1.611436e+00	
2018	7	19	19	48	1.166569e+01	
2018	7	19	19	48	2.172870e+01	
2018	7	19	19	48	3.178699e+01	
2018	7	19	19	48	4.186023e+01	
2018	7	19	19	48	5.192138e+01	
2018	7	19	19	49	2.011144e+00	
2018	7	19	19	49	1.206466e+01	
2018	7	19	19	49	2.214083e+01	
2018	7	19	19	49	3.220913e+01	
2018	7	19	19	49	4.227641e+01	
2018	7	19	19	49	5.234077e+01	
2018	7	19	19	50	2.399173e+00	
2018	7	19	19	50	1.245354e+01	
2018	7	19	19	50	2.251190e+01	
2018	7	19	19	50	3.258203e+01	
2018	7	19	19	50	4.264468e+01	
2018	7	19	19	50	5.269508e+01	
2018	7	19	19	51	2.755294e+00	
2018	7	19	19	51	1.280781e+01	
2018	7	19	19	51	2.287909e+01	
2018	7	19	19	51	3.294876e+01	
2018	7	19	19	51	4.301736e+01	
2018	7	19	19	51	5.308408e+01	
2018	7	19	19	52	3.148309e+00	
2018	7	19	19	52	1.320723e+01	
2018	7	19	19	52	2.326616e+01	
2018	7	19	19	52	3.332377e+01	
2018	7	19	19	52	4.339533e+01	
2018	7	19	19	52	5.346245e+01	
2018	7	19	19	53	3.522409e+00	
2018	7	19	19	53	1.359022e+01	
2018	7	19	19	53	2.365714e+01	
2018	7	19	19	53	3.372864e+01	
2018	7	19	19	53	4.379802e+01	
2018	7	19	19	53	5.387102e+01	
2018	7	19	19	54	3.940800e+00	
2018	7	19	19	54	1.401073e+01	
2018	7	19	19	54	2.407889e+01	
2018	7	19	19	54	3.415130e+01	
2018	7	19	19	54	4.420600e+01	
2018	7	19	19	54	5.427285e+01	
2018	7	19	19	55	4.344838e+00	
2018	7	19	19	55	1.441034e+01	
2018	7	19	19	55	2.447080e+01	
2018	7	19	19	55	3.453250e+01	
2018	7	19	19	55	4.460385e+01	
2018	7	19	19	55	5.466757e+01	
2018	7	19	19	56	4.728193e+00	
2018	7	19	19	56	1.479167e+01	
2018	7	19	19	56	2.486110e+01	
2018	7	19	19	56	3.493441e+01	
2018	7	19	19	56	4.499796e+01	
2018	7	19	19	56	5.507794e+01	
2018	7	19	19	57	5.139022e+00	
2018	7	19	19	57	1.520673e+01	
2018	7	19	19	57	2.526768e+01	
2018	7	19	19	57	3.532851e+01	
2018	7	19	19	57	4.538498e+01	
2018	7	19	19	57	5.547070e+01	
2018	7	19	19	58	5.526111e+00	
2018	7	19	19	58	1.559604e+01	
2018	7	19	19	58	2.567021e+01	
2018	7	19	19	58	3.572495e+01	
2018	7	19	19	58	4.578603e+01	
2018	7	19	19	58	5.585935e+01	
2018	7	19	19	59	5.930281e+00	
2018	7	19	19	59	1.599174e+01	
2018	7	19	19	59	2.606252e+01	
2018	7	19	19	59	3.613055e+01	
2018	7	19	19	59	4.620199e+01	
2018	7	19	19	59	5.625692e+01	
2018	7	19	20	0	6.321875e+00	
2018	7	19	20	0	1.637391e+01	
2018	7	19	20	0	2.644296e+01	
2018	7	19	20	0	3.649563e+01	
2018	7	19	20	0	4.655243e+01	
2018	7	19	20	0	5.661169e+01	
2018	7	19	20	1	6.670424e+00	
2018	7	19	20	1	1.674163e+01	
2018	7	19	20	1	2.679929e+01	
2018	7	19	20	1	3.685855e+01	
2018	7	19	20	1	4.693643e+01	
2018	7	19	20	1	5.699406e+01	
2018	7	19	20	2	7.055690e+00	
2018	7	19	20	2	1.711610e+01	
2018	7	19	20	2	2.717697e+01	
2018	7	19	20	2	3.724927e+01	
2018	7	19	20	2	4.730969e+01	
2018	7	19	20	2	5.737891e+01	
2018	7	19	20	3	7.441197e+00	
2018	7	19	20	3	1.749564e+01	
2018	7	19	20	3	2.756692e+01	
2018	7	19	20	3	3.763387e+01	
2018	7	19	20	3	4.768640e+01	
2018	7	19	20	3	5.775019e+01	
2018	7	19	20	4	7.809898e+00	
2018	7	19	20	4	1.787479e+01	
2018	7	19	20	4	2.794674e+01	
2018	7	19	20	4	3.800980e+01	
2018	7	19	20	4	4.808018e+01	
2018	7	19	20	4	5.814716e+01	
2018	7	19	20	5	8.215420e+00	
2018	7	19	20	5	1.828513e+01	
2018	7	19	20	5	2.834662e+01	
2018	7	19	20	5	3.839787e+01	
2018	7	19	20	5	4.848605e+01	
2018	7	19	20	5	5.854028e+01	
2018	7	19	20	6	8.598590e+00	
2018	7	19	20	6	1.866310e+01	
2018	7	19	20	6	2.873026e+01	
2018	7	19	20	6	3.882505e+01	
2018	7	19	20	6	4.888435e+01	
2018	7	19	20	6	5.895244e+01	
2018	7	19	20	7	9.021759e+00	
2018	7	19	20	7	1.908126e+01	
2018	7	19	20	7	2.913560e+01	
2018	7	19	20	7	3.921352e+01	
2018	7	19	20	7	4.926449e+01	
2018	7	19	20	7	5.933198e+01	
2018	7	19	20	8	9.382558e+00	
2018	7	19	20	8	1.943786e+01	
2018	7	19	20	8	2.950211e+01	
2018	7	19	20	8	3.956556e+01	
2018	7	19	20	8	4.963714e+01	
2018	7	19	20	8	5.970327e+01	
2018	7	19	20	9	9.756588e+00	
2018	7	19	20	9	1.983115e+01	
2018	7	19	20	9	2.989570e+01	
2018	7	19	20	9	3.996391e+01	
2018	7	19	20	9	5.002780e+01	
2018	7	19	20	10	8.979800e-02	
2018	7	19	20	10	1.015161e+01	
2018	7	19	20	10	2.021239e+01	
2018	7	19	20	10	3.027098e+01	
2018	7	19	20	10	4.033685e+01	
2018	7	19	20	10	5.039498e+01	
2018	7	19	20	11	4.690690e-01	
2018	7	19	20	11	1.053652e+01	
2018	7	19	20	11	2.059207e+01	
2018	7	19	20	11	3.064270e+01	
2018	7	19	20	11	4.078036e+01	
2018	7	19	20	11	5.083834e+01	
2018	7	19	20	12	9.570860e-01	
2018	7	19	20	12	1.104384e+01	
2018	7	19	20	12	2.110385e+01	
2018	7	19	20	12	3.119788e+01	
2018	7	19	20	12	4.128653e+01	
