2018	7	19	16	36	3.015737e+01	
2018	7	19	16	36	4.036618e+01	
2018	7	19	16	36	5.037900e+01	
2018	7	19	16	37	3.936660e-01	
2018	7	19	16	37	1.041137e+01	
2018	7	19	16	37	2.043688e+01	
2018	7	19	16	37	3.046182e+01	
2018	7	19	16	37	4.047064e+01	
2018	7	19	16	37	5.049371e+01	
2018	7	19	16	38	5.196430e-01	
2018	7	19	16	38	1.053139e+01	
2018	7	19	16	38	2.053919e+01	
2018	7	19	16	38	3.055744e+01	
2018	7	19	16	38	4.057543e+01	
2018	7	19	16	38	5.059902e+01	
2018	7	19	16	39	6.243520e-01	
2018	7	19	16	39	1.063608e+01	
2018	7	19	16	39	2.064844e+01	
2018	7	19	16	39	3.067865e+01	
2018	7	19	16	39	4.070698e+01	
2018	7	19	16	39	5.073304e+01	
2018	7	19	16	40	7.585680e-01	
2018	7	19	16	40	1.078191e+01	
2018	7	19	16	40	2.079214e+01	
2018	7	19	16	40	3.080924e+01	
2018	7	19	16	40	4.082538e+01	
2018	7	19	16	40	5.084853e+01	
2018	7	19	16	41	8.598860e-01	
2018	7	19	16	41	1.087169e+01	
2018	7	19	16	41	2.088994e+01	
2018	7	19	16	41	3.091164e+01	
2018	7	19	16	41	4.092419e+01	
2018	7	19	16	41	5.094169e+01	
2018	7	19	16	42	9.595650e-01	
2018	7	19	16	42	1.098563e+01	
2018	7	19	16	42	2.100422e+01	
2018	7	19	16	42	3.102588e+01	
2018	7	19	16	42	4.105495e+01	
2018	7	19	16	42	5.107586e+01	
2018	7	19	16	43	1.111595e+00	
2018	7	19	16	43	1.113223e+01	
2018	7	19	16	43	2.115746e+01	
2018	7	19	16	43	3.117470e+01	
2018	7	19	16	43	4.119637e+01	
2018	7	19	16	43	5.121682e+01	
2018	7	19	16	44	1.238852e+00	
2018	7	19	16	44	1.127068e+01	
2018	7	19	16	44	2.130959e+01	
2018	7	19	16	44	3.135484e+01	
2018	7	19	16	44	4.138682e+01	
2018	7	19	16	44	5.139993e+01	
2018	7	19	16	45	1.438826e+00	
2018	7	19	16	45	1.145406e+01	
2018	7	19	16	45	2.147288e+01	
2018	7	19	16	45	3.148814e+01	
2018	7	19	16	45	4.152534e+01	
2018	7	19	16	45	5.154648e+01	
2018	7	19	16	46	1.571404e+00	
2018	7	19	16	46	1.160776e+01	
2018	7	19	16	46	2.163373e+01	
2018	7	19	16	46	3.166487e+01	
2018	7	19	16	46	4.169028e+01	
2018	7	19	16	46	5.172465e+01	
2018	7	19	16	47	1.747239e+00	
2018	7	19	16	47	1.176796e+01	
2018	7	19	16	47	2.179359e+01	
2018	7	19	16	47	3.181247e+01	
2018	7	19	16	47	4.183360e+01	
2018	7	19	16	47	5.187764e+01	
2018	7	19	16	48	1.902438e+00	
2018	7	19	16	48	1.192789e+01	
2018	7	19	16	48	2.195197e+01	
2018	7	19	16	48	3.199039e+01	
2018	7	19	16	48	4.201391e+01	
2018	7	19	16	48	5.203827e+01	
2018	7	19	16	49	2.073230e+00	
2018	7	19	16	49	1.209589e+01	
2018	7	19	16	49	2.211474e+01	
2018	7	19	16	49	3.213863e+01	
2018	7	19	16	49	4.217696e+01	
2018	7	19	16	49	5.221510e+01	
2018	7	19	16	50	2.244737e+00	
2018	7	19	16	50	1.228174e+01	
2018	7	19	16	50	2.230510e+01	
2018	7	19	16	50	3.233116e+01	
2018	7	19	16	50	4.234927e+01	
2018	7	19	16	50	5.236931e+01	
2018	7	19	16	51	2.393162e+00	
2018	7	19	16	51	1.243063e+01	
2018	7	19	16	51	2.246898e+01	
2018	7	19	16	51	3.250209e+01	
2018	7	19	16	51	4.253466e+01	
2018	7	19	16	51	5.257610e+01	
2018	7	19	16	52	2.611534e+00	
2018	7	19	16	52	1.263988e+01	
2018	7	19	16	52	2.267299e+01	
2018	7	19	16	52	3.270137e+01	
2018	7	19	16	52	4.273295e+01	
2018	7	19	16	52	5.275497e+01	
2018	7	19	16	53	2.789809e+00	
2018	7	19	16	53	1.282900e+01	
2018	7	19	16	53	2.285804e+01	
2018	7	19	16	53	3.288816e+01	
2018	7	19	16	53	4.290554e+01	
2018	7	19	16	53	5.293834e+01	
2018	7	19	16	54	2.966036e+00	
2018	7	19	16	54	1.298920e+01	
2018	7	19	16	54	2.301973e+01	
2018	7	19	16	54	3.304904e+01	
2018	7	19	16	54	4.308092e+01	
2018	7	19	16	54	5.310594e+01	
2018	7	19	16	55	3.151104e+00	
2018	7	19	16	55	1.317967e+01	
2018	7	19	16	55	2.320886e+01	
2018	7	19	16	55	3.325449e+01	
2018	7	19	16	55	4.327809e+01	
2018	7	19	16	55	5.331840e+01	
2018	7	19	16	56	3.358913e+00	
2018	7	19	16	56	1.338505e+01	
2018	7	19	16	56	2.342031e+01	
2018	7	19	16	56	3.345722e+01	
2018	7	19	16	56	4.349866e+01	
2018	7	19	16	56	5.353803e+01	
2018	7	19	16	57	3.576784e+00	
2018	7	19	16	57	1.359956e+01	
2018	7	19	16	57	2.364550e+01	
2018	7	19	16	57	3.366976e+01	
2018	7	19	16	57	4.371049e+01	
2018	7	19	16	57	5.374581e+01	
2018	7	19	16	58	3.789324e+00	
2018	7	19	16	58	1.381943e+01	
2018	7	19	16	58	2.385882e+01	
2018	7	19	16	58	3.388957e+01	
2018	7	19	16	58	4.391870e+01	
2018	7	19	16	58	5.395440e+01	
2018	7	19	16	59	3.995488e+00	
2018	7	19	16	59	1.402362e+01	
2018	7	19	16	59	2.407596e+01	
2018	7	19	16	59	3.412086e+01	
2018	7	19	16	59	4.416145e+01	
2018	7	19	16	59	5.420738e+01	
2018	7	19	17	0	4.239315e+00	
2018	7	19	17	0	1.427808e+01	
2018	7	19	17	0	2.431489e+01	
2018	7	19	17	0	3.435493e+01	
2018	7	19	17	0	4.440234e+01	
2018	7	19	17	0	5.445475e+01	
2018	7	19	17	1	4.499116e+00	
2018	7	19	17	1	1.454654e+01	
2018	7	19	17	1	2.457602e+01	
2018	7	19	17	1	3.461071e+01	
2018	7	19	17	1	4.465754e+01	
2018	7	19	17	1	5.470152e+01	
2018	7	19	17	2	4.732356e+00	
2018	7	19	17	2	1.477573e+01	
2018	7	19	17	2	2.480644e+01	
2018	7	19	17	2	3.484737e+01	
2018	7	19	17	2	4.487412e+01	
2018	7	19	17	2	5.491651e+01	
2018	7	19	17	3	4.962375e+00	
2018	7	19	17	3	1.500413e+01	
2018	7	19	17	3	2.505350e+01	
2018	7	19	17	3	3.510621e+01	
2018	7	19	17	3	4.515659e+01	
2018	7	19	17	3	5.519587e+01	
2018	7	19	17	4	5.233076e+00	
2018	7	19	17	4	1.528498e+01	
2018	7	19	17	4	2.533512e+01	
2018	7	19	17	4	3.538870e+01	
2018	7	19	17	4	4.543804e+01	
2018	7	19	17	4	5.547772e+01	
2018	7	19	17	5	5.532868e+00	
2018	7	19	17	5	1.557233e+01	
2018	7	19	17	5	2.562295e+01	
2018	7	19	17	5	3.567903e+01	
2018	7	19	17	5	4.572098e+01	
2018	7	19	17	5	5.576652e+01	
2018	7	19	17	6	5.800608e+00	
2018	7	19	17	6	1.584445e+01	
2018	7	19	17	6	2.588368e+01	
2018	7	19	17	6	3.593310e+01	
2018	7	19	17	6	4.597867e+01	
2018	7	19	17	6	5.603580e+01	
2018	7	19	17	7	6.074744e+00	
2018	7	19	17	7	1.611369e+01	
2018	7	19	17	7	2.615602e+01	
2018	7	19	17	7	3.618831e+01	
2018	7	19	17	7	4.622555e+01	
2018	7	19	17	7	5.626116e+01	
2018	7	19	17	8	6.298744e+00	
2018	7	19	17	8	1.633473e+01	
2018	7	19	17	8	2.637431e+01	
2018	7	19	17	8	3.642129e+01	
2018	7	19	17	8	4.645513e+01	
2018	7	19	17	8	5.650557e+01	
2018	7	19	17	9	6.553727e+00	
2018	7	19	17	9	1.659116e+01	
2018	7	19	17	9	2.664245e+01	
2018	7	19	17	9	3.668907e+01	
2018	7	19	17	9	4.673583e+01	
2018	7	19	17	9	5.677301e+01	
2018	7	19	17	10	6.816872e+00	
2018	7	19	17	10	1.686966e+01	
2018	7	19	17	10	2.690405e+01	
2018	7	19	17	10	3.695238e+01	
2018	7	19	17	10	4.699442e+01	
2018	7	19	17	10	5.704049e+01	
2018	7	19	17	11	7.083953e+00	
2018	7	19	17	11	1.712308e+01	
2018	7	19	17	11	2.716761e+01	
2018	7	19	17	11	3.720583e+01	
2018	7	19	17	11	4.725934e+01	
2018	7	19	17	11	5.729561e+01	
2018	7	19	17	12	7.350978e+00	
2018	7	19	17	12	1.740754e+01	
2018	7	19	17	12	2.744909e+01	
2018	7	19	17	12	3.748755e+01	
2018	7	19	17	12	4.752973e+01	
2018	7	19	17	12	5.757484e+01	
2018	7	19	17	13	7.625218e+00	
2018	7	19	17	13	1.767671e+01	
2018	7	19	17	13	2.772475e+01	
2018	7	19	17	13	3.777316e+01	
2018	7	19	17	13	4.782388e+01	
2018	7	19	17	13	5.787845e+01	
2018	7	19	17	14	7.920202e+00	
2018	7	19	17	14	1.795981e+01	
2018	7	19	17	14	2.801046e+01	
2018	7	19	17	14	3.807054e+01	
2018	7	19	17	14	4.812848e+01	
2018	7	19	17	14	5.816642e+01	
2018	7	19	17	15	8.224182e+00	
2018	7	19	17	15	1.827702e+01	
2018	7	19	17	15	2.831824e+01	
2018	7	19	17	15	3.836907e+01	
2018	7	19	17	15	4.842560e+01	
2018	7	19	17	15	5.847402e+01	
2018	7	19	17	16	8.524102e+00	
2018	7	19	17	16	1.856655e+01	
2018	7	19	17	16	2.880394e+01	
2018	7	19	17	16	3.884441e+01	
2018	7	19	17	16	4.892029e+01	
2018	7	19	17	16	5.897034e+01	
2018	7	19	17	17	9.031023e+00	
2018	7	19	17	17	1.925898e+01	
2018	7	19	17	17	2.930348e+01	
2018	7	19	17	17	3.938283e+01	
2018	7	19	17	17	4.960894e+01	
2018	7	19	17	17	5.967461e+01	
2018	7	19	17	18	9.880818e+00	
2018	7	19	17	18	2.007899e+01	
2018	7	19	17	18	3.031539e+01	
2018	7	19	17	18	4.053105e+01	
2018	7	19	17	18	5.058165e+01	
2018	7	19	17	19	8.669070e-01	
2018	7	19	17	19	1.109629e+01	
2018	7	19	17	19	2.134732e+01	
2018	7	19	17	19	3.178921e+01	
2018	7	19	17	19	4.201741e+01	
2018	7	19	17	19	5.229898e+01	
2018	7	19	17	20	2.512551e+00	
2018	7	19	17	20	1.258561e+01	
2018	7	19	17	20	2.295873e+01	
2018	7	19	17	20	3.318969e+01	
2018	7	19	17	20	4.342932e+01	
2018	7	19	17	20	5.350917e+01	
2018	7	19	17	21	3.736655e+00	
2018	7	19	17	21	1.399898e+01	
2018	7	19	17	21	2.423514e+01	
2018	7	19	17	21	3.430100e+01	
2018	7	19	17	21	4.453992e+01	
2018	7	19	17	21	5.476651e+01	
2018	7	19	17	22	5.035812e+00	
2018	7	19	17	22	1.528781e+01	
2018	7	19	17	22	2.558841e+01	
2018	7	19	17	22	3.586595e+01	
2018	7	19	17	22	4.608785e+01	
2018	7	19	17	22	5.633316e+01	
2018	7	19	17	23	6.581821e+00	
2018	7	19	17	23	1.685149e+01	
2018	7	19	17	23	2.709466e+01	
2018	7	19	17	23	3.736424e+01	
2018	7	19	17	23	4.760831e+01	
2018	7	19	17	23	5.784493e+01	
2018	7	19	17	24	8.092621e+00	
2018	7	19	17	24	1.834516e+01	
2018	7	19	17	24	2.869805e+01	
2018	7	19	17	24	3.896442e+01	
2018	7	19	17	24	4.922983e+01	
2018	7	19	17	24	5.948410e+01	
2018	7	19	17	25	9.746146e+00	
2018	7	19	17	25	2.012590e+01	
2018	7	19	17	25	3.038924e+01	
2018	7	19	17	25	4.064768e+01	
2018	7	19	17	25	5.089783e+01	
2018	7	19	17	26	1.122383e+00	
2018	7	19	17	26	1.138815e+01	
2018	7	19	17	26	2.166945e+01	
2018	7	19	17	26	3.194687e+01	
2018	7	19	17	26	4.217845e+01	
2018	7	19	17	26	5.245326e+01	
2018	7	19	17	27	2.729443e+00	
2018	7	19	17	27	1.301517e+01	
2018	7	19	17	27	2.330000e+01	
2018	7	19	17	27	3.354728e+01	
2018	7	19	17	27	4.384706e+01	
2018	7	19	17	27	5.413611e+01	
2018	7	19	17	28	4.399783e+00	
2018	7	19	17	28	1.471819e+01	
2018	7	19	17	28	2.497445e+01	
2018	7	19	17	28	3.529326e+01	
2018	7	19	17	28	4.559422e+01	
2018	7	19	17	28	5.587352e+01	
2018	7	19	17	29	6.151480e+00	
2018	7	19	17	29	1.642385e+01	
2018	7	19	17	29	2.648516e+01	
2018	7	19	17	29	3.654954e+01	
2018	7	19	17	29	4.659992e+01	
2018	7	19	17	29	5.665910e+01	
2018	7	19	17	30	6.718210e+00	
2018	7	19	17	30	1.678329e+01	
2018	7	19	17	30	2.685182e+01	
2018	7	19	17	30	3.692100e+01	
2018	7	19	17	30	4.698951e+01	
2018	7	19	17	30	5.706649e+01	
2018	7	19	17	31	7.138448e+00	
2018	7	19	17	31	1.720063e+01	
2018	7	19	17	31	2.726278e+01	
2018	7	19	17	31	3.732275e+01	
2018	7	19	17	31	4.739744e+01	
2018	7	19	17	31	5.746473e+01	
2018	7	19	17	32	7.518896e+00	
2018	7	19	17	32	1.757275e+01	
2018	7	19	17	32	2.764954e+01	
2018	7	19	17	32	3.771352e+01	
2018	7	19	17	32	4.776772e+01	
2018	7	19	17	32	5.783895e+01	
2018	7	19	17	33	7.903328e+00	
2018	7	19	17	33	1.796143e+01	
2018	7	19	17	33	2.802087e+01	
2018	7	19	17	33	3.809099e+01	
2018	7	19	17	33	4.815889e+01	
2018	7	19	17	33	5.823431e+01	
2018	7	19	17	34	8.287323e+00	
2018	7	19	17	34	1.836975e+01	
2018	7	19	17	34	2.845105e+01	
2018	7	19	17	34	3.853659e+01	
2018	7	19	17	34	4.860980e+01	
2018	7	19	17	34	5.867980e+01	
2018	7	19	17	35	8.749962e+00	
2018	7	19	17	35	1.883704e+01	
2018	7	19	17	35	2.891124e+01	
2018	7	19	17	35	3.898246e+01	
2018	7	19	17	35	4.907200e+01	
2018	7	19	17	35	5.915148e+01	
2018	7	19	17	36	9.241708e+00	
2018	7	19	17	36	1.932838e+01	
2018	7	19	17	36	2.940170e+01	
2018	7	19	17	36	3.947418e+01	
2018	7	19	17	36	4.954767e+01	
2018	7	19	17	36	5.961978e+01	
2018	7	19	17	37	9.696328e+00	
2018	7	19	17	37	1.977397e+01	
2018	7	19	17	37	2.984545e+01	
2018	7	19	17	37	3.992485e+01	
2018	7	19	17	37	5.001815e+01	
2018	7	19	17	38	8.560600e-02	
2018	7	19	17	38	1.017372e+01	
2018	7	19	17	38	2.026428e+01	
2018	7	19	17	38	3.035640e+01	
2018	7	19	17	38	4.044779e+01	
2018	7	19	17	38	5.054064e+01	
2018	7	19	17	39	6.369060e-01	
2018	7	19	17	39	1.072806e+01	
2018	7	19	17	39	2.082404e+01	
2018	7	19	17	39	3.095349e+01	
2018	7	19	17	39	4.102876e+01	
2018	7	19	17	39	5.111091e+01	
2018	7	19	17	40	1.201681e+00	
2018	7	19	17	40	1.127502e+01	
2018	7	19	17	40	2.135644e+01	
2018	7	19	17	40	3.143550e+01	
2018	7	19	17	40	4.115444e+01	
2018	7	19	17	40	5.122033e+01	
2018	7	19	17	41	1.282909e+00	
2018	7	19	17	41	1.137558e+01	
2018	7	19	17	41	2.146659e+01	
2018	7	19	17	41	3.155837e+01	
2018	7	19	17	41	4.165157e+01	
2018	7	19	17	41	5.174821e+01	
2018	7	19	17	42	1.827840e+00	
2018	7	19	17	42	1.191888e+01	
2018	7	19	17	42	2.200016e+01	
2018	7	19	17	42	3.208910e+01	
2018	7	19	17	42	4.217935e+01	
2018	7	19	17	42	5.225872e+01	
2018	7	19	17	43	2.346436e+00	
2018	7	19	17	43	1.244847e+01	
2018	7	19	17	43	2.253875e+01	
2018	7	19	17	43	3.262658e+01	
2018	7	19	17	43	4.272615e+01	
2018	7	19	17	43	5.281176e+01	
2018	7	19	17	44	2.896029e+00	
2018	7	19	17	44	1.297399e+01	
2018	7	19	17	44	2.305780e+01	
2018	7	19	17	44	3.315242e+01	
2018	7	19	17	44	4.325125e+01	
2018	7	19	17	44	5.335007e+01	
2018	7	19	17	45	3.442707e+00	
2018	7	19	17	45	1.354171e+01	
2018	7	19	17	45	2.364488e+01	
2018	7	19	17	45	3.373900e+01	
2018	7	19	17	45	4.384242e+01	
2018	7	19	17	45	5.392781e+01	
2018	7	19	17	46	4.044458e+00	
2018	7	19	17	46	1.413661e+01	
2018	7	19	17	46	2.422644e+01	
2018	7	19	17	46	3.431764e+01	
2018	7	19	17	46	4.441688e+01	
2018	7	19	17	46	5.451452e+01	
2018	7	19	17	47	4.594275e+00	
2018	7	19	17	47	1.467471e+01	
2018	7	19	17	47	2.476114e+01	
2018	7	19	17	47	3.482389e+01	
2018	7	19	17	47	4.489763e+01	
2018	7	19	17	47	5.498027e+01	
2018	7	19	17	48	5.060173e+00	
2018	7	19	17	48	1.512128e+01	
2018	7	19	17	48	2.518104e+01	
2018	7	19	17	48	3.526777e+01	
2018	7	19	17	48	4.534143e+01	
2018	7	19	17	48	5.541147e+01	
2018	7	19	17	49	5.479716e+00	
2018	7	19	17	49	1.556250e+01	
2018	7	19	17	49	2.564768e+01	
2018	7	19	17	49	3.573797e+01	
2018	7	19	17	49	4.581911e+01	
2018	7	19	17	49	5.589917e+01	
2018	7	19	17	50	5.963928e+00	
2018	7	19	17	50	1.604685e+01	
2018	7	19	17	50	2.191415e+01	
2018	7	19	17	50	3.198847e+01	
2018	7	19	17	50	4.204233e+01	
2018	7	19	17	50	5.208327e+01	
2018	7	19	17	51	2.119826e+00	
2018	7	19	17	51	1.216198e+01	
2018	7	19	17	51	2.219720e+01	
2018	7	19	17	51	3.223895e+01	
2018	7	19	17	51	4.229222e+01	
2018	7	19	17	51	5.233874e+01	
2018	7	19	17	52	2.390448e+00	
2018	7	19	17	52	1.243993e+01	
2018	7	19	17	52	2.249457e+01	
2018	7	19	17	52	3.254117e+01	
2018	7	19	17	52	3.548926e+01	
2018	7	19	17	52	4.554553e+01	
2018	7	19	17	52	5.558143e+01	
2018	7	19	17	53	5.656784e+00	
2018	7	19	17	53	1.573423e+01	
2018	7	19	17	53	2.580208e+01	
2018	7	19	17	53	3.587810e+01	
2018	7	19	17	53	4.594620e+01	
2018	7	19	17	53	5.601317e+01	
2018	7	19	17	54	6.078774e+00	
2018	7	19	17	54	1.615085e+01	
2018	7	19	17	54	2.623503e+01	
2018	7	19	17	54	3.631842e+01	
2018	7	19	17	54	4.640442e+01	
2018	7	19	17	54	5.647839e+01	
2018	7	19	17	55	6.556315e+00	
2018	7	19	17	55	1.663864e+01	
2018	7	19	17	55	2.671806e+01	
2018	7	19	17	55	3.678516e+01	
2018	7	19	17	55	4.685506e+01	
2018	7	19	17	55	5.693113e+01	
2018	7	19	17	56	7.003756e+00	
2018	7	19	17	56	1.708623e+01	
2018	7	19	17	56	2.717427e+01	
2018	7	19	17	56	3.724304e+01	
2018	7	19	17	56	4.731500e+01	
2018	7	19	17	56	5.738013e+01	
2018	7	19	17	57	7.456072e+00	
2018	7	19	17	57	1.752022e+01	
2018	7	19	17	57	2.759270e+01	
2018	7	19	17	57	3.766557e+01	
2018	7	19	17	57	4.773750e+01	
2018	7	19	17	57	5.781134e+01	
2018	7	19	17	58	7.893619e+00	
2018	7	19	17	58	1.796879e+01	
2018	7	19	17	58	2.803418e+01	
2018	7	19	17	58	3.810624e+01	
2018	7	19	17	58	4.818637e+01	
2018	7	19	17	58	5.826636e+01	
2018	7	19	17	59	8.354819e+00	
2018	7	19	17	59	1.842274e+01	
2018	7	19	17	59	2.850061e+01	
2018	7	19	17	59	3.858962e+01	
2018	7	19	17	59	4.867484e+01	
2018	7	19	17	59	5.874692e+01	
2018	7	19	18	0	8.820782e+00	
2018	7	19	18	0	1.889646e+01	
2018	7	19	18	0	2.898228e+01	
2018	7	19	18	0	3.906765e+01	
2018	7	19	18	0	4.915021e+01	
2018	7	19	18	0	5.923289e+01	
2018	7	19	18	1	9.320458e+00	
2018	7	19	18	1	1.941125e+01	
2018	7	19	18	1	2.949410e+01	
2018	7	19	18	1	3.956777e+01	
2018	7	19	18	1	4.964857e+01	
2018	7	19	18	1	5.972372e+01	
2018	7	19	18	2	9.810227e+00	
2018	7	19	18	2	1.989360e+01	
2018	7	19	18	2	2.997199e+01	
2018	7	19	18	2	4.004739e+01	
2018	7	19	18	2	5.013246e+01	
2018	7	19	18	3	2.631200e-01	
2018	7	19	18	3	1.033459e+01	
2018	7	19	18	3	2.040219e+01	
2018	7	19	18	3	3.048712e+01	
2018	7	19	18	3	4.056655e+01	
2018	7	19	18	3	5.065539e+01	
2018	7	19	18	4	7.536340e-01	
2018	7	19	18	4	1.082758e+01	
2018	7	19	18	4	2.091425e+01	
2018	7	19	18	4	3.100186e+01	
2018	7	19	18	4	4.108292e+01	
2018	7	19	18	4	5.116365e+01	
2018	7	19	18	5	1.251082e+00	
2018	7	19	18	5	1.133577e+01	
2018	7	19	18	5	2.141086e+01	
2018	7	19	18	5	3.150313e+01	
2018	7	19	18	5	4.158765e+01	
2018	7	19	18	5	5.167666e+01	
2018	7	19	18	6	1.755280e+00	
2018	7	19	18	6	1.184256e+01	
2018	7	19	18	6	2.192306e+01	
2018	7	19	18	6	3.200485e+01	
2018	7	19	18	6	4.208378e+01	
2018	7	19	18	6	5.217187e+01	
2018	7	19	18	7	2.264754e+00	
2018	7	19	18	7	1.234203e+01	
2018	7	19	18	7	2.243708e+01	
2018	7	19	18	7	3.252502e+01	
2018	7	19	18	7	4.260650e+01	
2018	7	19	18	7	5.269961e+01	
2018	7	19	18	8	2.780392e+00	
2018	7	19	18	8	1.286841e+01	
2018	7	19	18	8	2.298065e+01	
2018	7	19	18	8	3.306515e+01	
2018	7	19	18	8	4.314488e+01	
2018	7	19	18	8	5.324077e+01	
2018	7	19	18	9	3.323122e+00	
2018	7	19	18	9	1.340506e+01	
2018	7	19	18	9	2.349464e+01	
2018	7	19	18	9	3.359005e+01	
2018	7	19	18	9	4.368453e+01	
2018	7	19	18	9	5.378163e+01	
2018	7	19	18	10	3.865735e+00	
2018	7	19	18	10	1.395810e+01	
2018	7	19	18	10	2.404728e+01	
2018	7	19	18	10	3.412702e+01	
2018	7	19	18	10	4.422237e+01	
2018	7	19	18	10	5.431361e+01	
2018	7	19	18	11	4.414014e+00	
2018	7	19	18	11	1.450388e+01	
2018	7	19	18	11	2.460010e+01	
2018	7	19	18	11	3.469743e+01	
2018	7	19	18	11	4.478863e+01	
2018	7	19	18	11	5.487847e+01	
2018	7	19	18	12	4.953908e+00	
2018	7	19	18	12	1.503592e+01	
2018	7	19	18	12	2.514112e+01	
2018	7	19	18	12	3.523500e+01	
2018	7	19	18	12	4.533763e+01	
2018	7	19	18	12	5.542562e+01	
2018	7	19	18	13	5.516243e+00	
2018	7	19	18	13	1.561120e+01	
2018	7	19	18	13	2.569329e+01	
2018	7	19	18	13	3.578123e+01	
2018	7	19	18	13	4.586381e+01	
2018	7	19	18	13	5.596341e+01	
2018	7	19	18	14	6.057154e+00	
2018	7	19	18	14	1.614743e+01	
2018	7	19	18	14	2.623889e+01	
2018	7	19	18	14	3.632924e+01	
2018	7	19	18	14	4.067459e+01	
2018	7	19	18	14	5.075374e+01	
2018	7	19	18	15	8.170950e-01	
2018	7	19	18	15	1.087363e+01	
2018	7	19	18	15	2.093773e+01	
2018	7	19	18	15	3.098400e+01	
2018	7	19	18	15	4.104265e+01	
2018	7	19	18	15	5.108887e+01	
2018	7	19	18	16	1.133769e+00	
2018	7	19	18	16	1.119031e+01	
2018	7	19	18	16	2.123024e+01	
2018	7	19	18	16	3.128670e+01	
2018	7	19	18	16	4.134722e+01	
2018	7	19	18	16	5.141329e+01	
2018	7	19	18	17	1.479477e+00	
2018	7	19	18	17	1.155412e+01	
2018	7	19	18	17	2.160753e+01	
2018	7	19	18	17	3.166758e+01	
2018	7	19	18	17	4.172906e+01	
2018	7	19	18	17	5.177255e+01	
2018	7	19	18	18	1.825062e+00	
2018	7	19	18	18	1.188230e+01	
2018	7	19	18	18	2.193573e+01	
2018	7	19	18	18	3.200042e+01	
2018	7	19	18	18	4.206593e+01	
2018	7	19	18	18	5.212270e+01	
2018	7	19	18	19	2.188184e+00	
2018	7	19	18	19	1.224042e+01	
2018	7	19	18	19	2.228768e+01	
2018	7	19	18	19	3.235203e+01	
2018	7	19	18	19	4.239701e+01	
2018	7	19	18	19	5.246401e+01	
2018	7	19	18	20	2.522577e+00	
2018	7	19	18	20	1.258068e+01	
2018	7	19	18	20	2.262888e+01	
2018	7	19	18	20	3.268780e+01	
2018	7	19	18	20	4.274106e+01	
2018	7	19	18	20	5.279590e+01	
2018	7	19	18	21	2.847949e+00	
2018	7	19	18	21	1.289725e+01	
2018	7	19	18	21	2.295457e+01	
2018	7	19	18	21	3.300119e+01	
2018	7	19	18	21	4.305448e+01	
2018	7	19	18	21	5.311100e+01	
2018	7	19	18	22	3.155782e+00	
2018	7	19	18	22	1.319938e+01	
2018	7	19	18	22	2.325530e+01	
2018	7	19	18	22	3.331893e+01	
2018	7	19	18	22	4.336104e+01	
2018	7	19	18	22	5.340481e+01	
2018	7	19	18	23	3.454581e+00	
2018	7	19	18	23	1.351938e+01	
2018	7	19	18	23	2.357995e+01	
2018	7	19	18	23	3.363449e+01	
2018	7	19	18	23	4.368758e+01	
2018	7	19	18	23	5.374385e+01	
2018	7	19	18	24	3.787370e+00	
2018	7	19	18	24	1.384859e+01	
2018	7	19	18	24	2.390888e+01	
2018	7	19	18	24	3.395740e+01	
2018	7	19	18	24	4.400702e+01	
2018	7	19	18	24	5.405920e+01	
2018	7	19	18	25	4.114679e+00	
2018	7	19	18	25	1.416894e+01	
2018	7	19	18	25	2.421222e+01	
2018	7	19	18	25	3.425666e+01	
2018	7	19	18	25	4.430192e+01	
2018	7	19	18	25	5.435584e+01	
2018	7	19	18	26	4.433159e+00	
2018	7	19	18	26	1.113478e+01	
2018	7	19	18	26	2.120931e+01	
2018	7	19	18	26	3.126433e+01	
2018	7	19	18	26	4.130806e+01	
2018	7	19	18	26	5.140811e+01	
2018	7	19	18	27	1.500159e+00	
2018	7	19	18	27	1.160356e+01	
2018	7	19	18	27	2.170510e+01	
2018	7	19	18	27	3.180013e+01	
2018	7	19	18	27	4.189234e+01	
2018	7	19	18	27	5.198886e+01	
2018	7	19	18	28	2.091927e+00	
2018	7	19	18	28	1.218393e+01	
2018	7	19	18	28	2.228710e+01	
2018	7	19	18	28	3.238538e+01	
2018	7	19	18	28	4.247469e+01	
2018	7	19	18	28	5.257158e+01	
2018	7	19	18	29	2.658992e+00	
2018	7	19	18	29	1.274840e+01	
2018	7	19	18	29	2.285192e+01	
2018	7	19	18	29	3.296214e+01	
2018	7	19	18	29	4.306440e+01	
2018	7	19	18	29	5.318631e+01	
2018	7	19	18	30	3.291767e+00	
2018	7	19	18	30	1.340317e+01	
2018	7	19	18	30	2.349798e+01	
2018	7	19	18	30	3.360803e+01	
2018	7	19	18	30	4.370198e+01	
2018	7	19	18	30	5.381925e+01	
2018	7	19	18	31	3.905146e+00	
2018	7	19	18	31	1.401719e+01	
2018	7	19	18	31	2.411997e+01	
2018	7	19	18	31	3.424102e+01	
2018	7	19	18	31	4.434349e+01	
2018	7	19	18	31	5.444709e+01	
2018	7	19	18	32	4.538424e+00	
2018	7	19	18	32	1.464584e+01	
2018	7	19	18	32	2.473416e+01	
2018	7	19	18	32	3.481908e+01	
2018	7	19	18	32	4.490819e+01	
2018	7	19	18	32	5.499614e+01	
2018	7	19	18	33	5.086085e+00	
2018	7	19	18	33	1.519229e+01	
2018	7	19	18	33	2.530080e+01	
2018	7	19	18	33	3.540498e+01	
2018	7	19	18	33	4.549687e+01	
2018	7	19	18	33	5.559176e+01	
2018	7	19	18	34	5.692559e+00	
2018	7	19	18	34	1.579657e+01	
2018	7	19	18	34	2.589813e+01	
2018	7	19	18	34	3.598853e+01	
2018	7	19	18	34	4.608302e+01	
2018	7	19	18	34	5.617867e+01	
2018	7	19	18	35	6.285057e+00	
2018	7	19	18	35	1.637645e+01	
2018	7	19	18	35	2.647455e+01	
2018	7	19	18	35	3.657740e+01	
2018	7	19	18	35	4.666716e+01	
2018	7	19	18	35	5.676314e+01	
2018	7	19	18	36	6.863036e+00	
2018	7	19	18	36	1.695265e+01	
2018	7	19	18	36	2.704971e+01	
2018	7	19	18	36	3.715853e+01	
2018	7	19	18	36	4.725242e+01	
2018	7	19	18	36	5.736008e+01	
2018	7	19	18	37	7.469846e+00	
2018	7	19	18	37	1.757873e+01	
2018	7	19	18	37	2.767012e+01	
2018	7	19	18	37	3.777681e+01	
2018	7	19	18	37	4.787744e+01	
2018	7	19	18	37	5.799039e+01	
2018	7	19	18	38	8.088503e+00	
2018	7	19	18	38	1.819654e+01	
2018	7	19	18	38	2.828873e+01	
2018	7	19	18	38	3.839304e+01	
2018	7	19	18	38	4.848503e+01	
2018	7	19	18	38	5.858077e+01	
2018	7	19	18	39	8.688991e+00	
2018	7	19	18	39	1.878460e+01	
2018	7	19	18	39	2.889013e+01	
2018	7	19	18	39	3.900654e+01	
2018	7	19	18	39	4.910249e+01	
2018	7	19	18	39	5.920788e+01	
2018	7	19	18	40	9.319692e+00	
2018	7	19	18	40	1.941754e+01	
2018	7	19	18	40	2.952905e+01	
2018	7	19	18	40	3.964196e+01	
2018	7	19	18	40	4.974353e+01	
2018	7	19	18	40	5.984724e+01	
2018	7	19	18	41	9.943004e+00	
2018	7	19	18	41	2.004903e+01	
2018	7	19	18	41	3.016861e+01	
2018	7	19	18	41	4.028367e+01	
2018	7	19	18	41	5.039123e+01	
2018	7	19	18	42	5.067090e-01	
2018	7	19	18	42	1.062897e+01	
2018	7	19	18	42	2.073411e+01	
2018	7	19	18	42	3.083178e+01	
2018	7	19	18	42	4.094735e+01	
2018	7	19	18	42	5.105013e+01	
2018	7	19	18	43	1.149041e+00	
2018	7	19	18	43	1.124833e+01	
2018	7	19	18	43	2.133866e+01	
2018	7	19	18	43	3.144767e+01	
2018	7	19	18	43	4.156079e+01	
2018	7	19	18	43	5.165986e+01	
2018	7	19	18	44	1.767986e+00	
2018	7	19	18	44	1.187232e+01	
2018	7	19	18	44	2.198022e+01	
2018	7	19	18	44	3.209592e+01	
2018	7	19	18	44	4.220952e+01	
2018	7	19	18	44	5.231652e+01	
2018	7	19	18	45	2.439192e+00	
2018	7	19	18	45	1.254276e+01	
2018	7	19	18	45	2.264641e+01	
2018	7	19	18	45	3.274830e+01	
2018	7	19	18	45	4.285147e+01	
2018	7	19	18	45	5.296205e+01	
2018	7	19	18	46	3.061972e+00	
2018	7	19	18	46	1.317661e+01	
2018	7	19	18	46	2.328391e+01	
2018	7	19	18	46	3.339760e+01	
2018	7	19	18	46	4.350382e+01	
2018	7	19	18	46	5.361060e+01	
2018	7	19	18	47	3.719940e+00	
2018	7	19	18	47	1.383102e+01	
2018	7	19	18	47	2.393103e+01	
2018	7	19	18	47	3.404127e+01	
2018	7	19	18	47	4.413561e+01	
2018	7	19	18	47	5.423047e+01	
2018	7	19	18	48	4.328200e+00	
2018	7	19	18	48	1.443135e+01	
2018	7	19	18	48	2.454302e+01	
2018	7	19	18	48	3.465255e+01	
2018	7	19	18	48	4.475944e+01	
2018	7	19	18	48	5.488244e+01	
2018	7	19	18	49	4.985299e+00	
2018	7	19	18	49	1.509677e+01	
2018	7	19	18	49	2.520866e+01	
2018	7	19	18	49	3.530598e+01	
2018	7	19	18	49	4.541278e+01	
2018	7	19	18	49	5.553429e+01	
2018	7	19	18	50	5.641464e+00	
2018	7	19	18	50	1.574115e+01	
2018	7	19	18	50	2.584280e+01	
2018	7	19	18	50	3.594968e+01	
2018	7	19	18	50	4.604951e+01	
2018	7	19	18	50	5.616696e+01	
2018	7	19	18	51	6.264645e+00	
2018	7	19	18	51	1.638657e+01	
2018	7	19	18	51	2.649791e+01	
2018	7	19	18	51	3.661437e+01	
2018	7	19	18	51	4.671903e+01	
2018	7	19	18	51	5.683053e+01	
2018	7	19	18	52	6.929233e+00	
2018	7	19	18	52	1.703157e+01	
2018	7	19	18	52	2.714223e+01	
2018	7	19	18	52	3.725409e+01	
2018	7	19	18	52	4.736143e+01	
2018	7	19	18	52	5.747248e+01	
2018	7	19	18	53	7.597975e+00	
2018	7	19	18	53	1.774833e+01	
2018	7	19	18	53	2.787249e+01	
2018	7	19	18	53	3.798201e+01	
2018	7	19	18	53	4.810216e+01	
2018	7	19	18	53	5.821230e+01	
2018	7	19	18	54	8.332015e+00	
2018	7	19	18	54	1.844554e+01	
2018	7	19	18	54	2.854864e+01	
2018	7	19	18	54	3.866520e+01	
2018	7	19	18	54	4.878316e+01	
2018	7	19	18	54	5.888394e+01	
2018	7	19	18	55	8.707053e+00	
2018	7	19	18	55	1.881033e+01	
2018	7	19	18	55	2.886706e+01	
2018	7	19	18	55	3.892557e+01	
2018	7	19	18	55	4.898836e+01	
2018	7	19	18	55	5.906698e+01	
2018	7	19	18	56	9.129966e+00	
2018	7	19	18	56	1.918486e+01	
2018	7	19	18	56	2.924911e+01	
2018	7	19	18	56	3.931340e+01	
2018	7	19	18	56	4.938488e+01	
2018	7	19	18	56	5.944188e+01	
2018	7	19	18	57	9.513591e+00	
2018	7	19	18	57	1.958376e+01	
2018	7	19	18	57	2.964353e+01	
2018	7	19	18	57	3.976780e+01	
2018	7	19	18	57	4.989206e+01	
2018	7	19	18	57	5.998391e+01	
2018	7	19	18	58	1.007751e+01	
2018	7	19	18	58	2.014692e+01	
2018	7	19	18	58	3.022223e+01	
2018	7	19	18	58	4.029986e+01	
2018	7	19	18	58	5.036147e+01	
2018	7	19	18	59	4.428590e-01	
2018	7	19	18	59	1.054860e+01	
2018	7	19	18	59	2.063263e+01	
2018	7	19	18	59	3.072177e+01	
2018	7	19	18	59	4.079634e+01	
2018	7	19	18	59	5.087892e+01	
2018	7	19	19	0	9.546190e-01	
2018	7	19	19	0	1.101892e+01	
2018	7	19	19	0	2.109083e+01	
2018	7	19	19	0	3.116754e+01	
2018	7	19	19	0	4.124462e+01	
2018	7	19	19	0	5.132427e+01	
2018	7	19	19	1	1.402795e+00	
2018	7	19	19	1	1.148441e+01	
2018	7	19	19	1	2.156959e+01	
2018	7	19	19	1	3.165297e+01	
2018	7	19	19	1	4.174026e+01	
2018	7	19	19	1	5.182670e+01	
2018	7	19	19	2	1.914103e+00	
2018	7	19	19	2	1.198479e+01	
2018	7	19	19	2	2.206326e+01	
2018	7	19	19	2	3.214896e+01	
2018	7	19	19	2	4.225097e+01	
2018	7	19	19	2	5.231932e+01	
2018	7	19	19	3	2.397976e+00	
2018	7	19	19	3	1.248575e+01	
2018	7	19	19	3	2.257786e+01	
2018	7	19	19	3	3.271923e+01	
2018	7	19	19	3	4.283731e+01	
2018	7	19	19	3	5.293897e+01	
2018	7	19	19	4	3.086164e+00	
2018	7	19	19	4	1.318146e+01	
2018	7	19	19	4	2.325673e+01	
2018	7	19	19	4	3.333806e+01	
2018	7	19	19	4	4.341064e+01	
2018	7	19	19	4	5.353781e+01	
2018	7	19	19	5	3.673882e+00	
2018	7	19	19	5	1.374868e+01	
2018	7	19	19	5	2.381452e+01	
2018	7	19	19	5	3.394472e+01	
2018	7	19	19	5	4.403565e+01	
2018	7	19	19	5	5.415386e+01	
2018	7	19	19	6	4.218525e+00	
2018	7	19	19	6	1.432644e+01	
2018	7	19	19	6	2.440739e+01	
2018	7	19	19	6	3.447627e+01	
2018	7	19	19	6	4.455267e+01	
2018	7	19	19	6	5.462291e+01	
2018	7	19	19	7	4.700210e+00	
2018	7	19	19	7	1.487355e+01	
2018	7	19	19	7	2.503516e+01	
2018	7	19	19	7	3.510417e+01	
2018	7	19	19	7	4.517481e+01	
2018	7	19	19	7	5.527704e+01	
2018	7	19	19	8	5.352794e+00	
2018	7	19	19	8	1.544186e+01	
2018	7	19	19	8	2.551823e+01	
2018	7	19	19	8	3.561064e+01	
2018	7	19	19	8	4.568606e+01	
2018	7	19	19	8	5.576666e+01	
2018	7	19	19	9	5.850223e+00	
2018	7	19	19	9	1.592541e+01	
2018	7	19	19	9	2.599619e+01	
2018	7	19	19	9	3.607050e+01	
2018	7	19	19	9	4.614474e+01	
2018	7	19	19	9	5.622234e+01	
2018	7	19	19	10	6.292380e+00	
2018	7	19	19	10	1.637404e+01	
2018	7	19	19	10	2.643968e+01	
2018	7	19	19	10	3.655636e+01	
2018	7	19	19	10	4.664364e+01	
2018	7	19	19	10	5.672641e+01	
2018	7	19	19	11	6.809653e+00	
2018	7	19	19	11	1.692730e+01	
2018	7	19	19	11	2.704989e+01	
2018	7	19	19	11	3.715738e+01	
2018	7	19	19	11	4.722673e+01	
2018	7	19	19	11	5.728729e+01	
2018	7	19	19	12	7.352336e+00	
2018	7	19	19	12	1.741787e+01	
2018	7	19	19	12	2.749712e+01	
2018	7	19	19	12	3.756294e+01	
2018	7	19	19	12	4.763491e+01	
2018	7	19	19	12	5.768952e+01	
2018	7	19	19	13	7.762234e+00	
2018	7	19	19	13	1.782601e+01	
2018	7	19	19	13	2.790248e+01	
2018	7	19	19	13	3.797892e+01	
2018	7	19	19	13	4.805507e+01	
2018	7	19	19	13	5.813806e+01	
2018	7	19	19	14	8.202394e+00	
2018	7	19	19	14	1.825848e+01	
2018	7	19	19	14	2.832562e+01	
2018	7	19	19	14	3.839626e+01	
2018	7	19	19	14	4.846624e+01	
2018	7	19	19	14	5.852918e+01	
2018	7	19	19	15	8.604208e+00	
2018	7	19	19	15	1.866395e+01	
2018	7	19	19	15	2.872159e+01	
2018	7	19	19	15	3.878107e+01	
2018	7	19	19	15	4.884690e+01	
2018	7	19	19	15	5.891987e+01	
2018	7	19	19	16	8.980221e+00	
2018	7	19	19	16	1.904565e+01	
2018	7	19	19	16	2.911248e+01	
2018	7	19	19	16	3.918654e+01	
2018	7	19	19	16	4.926040e+01	
2018	7	19	19	16	5.931727e+01	
2018	7	19	19	17	9.377491e+00	
2018	7	19	19	17	1.944795e+01	
2018	7	19	19	17	2.950335e+01	
2018	7	19	19	17	3.956123e+01	
2018	7	19	19	17	4.961982e+01	
2018	7	19	19	17	5.969115e+01	
2018	7	19	19	18	9.755613e+00	
2018	7	19	19	18	1.980730e+01	
2018	7	19	19	18	2.988485e+01	
2018	7	19	19	18	3.994452e+01	
2018	7	19	19	18	5.000569e+01	
2018	7	19	19	19	7.438400e-02	
2018	7	19	19	19	1.014808e+01	
2018	7	19	19	19	2.022393e+01	
2018	7	19	19	19	3.033337e+01	
2018	7	19	19	19	4.039851e+01	
2018	7	19	19	19	5.045329e+01	
2018	7	19	19	20	5.292700e-01	
2018	7	19	19	20	1.059195e+01	
2018	7	19	19	20	2.066309e+01	
2018	7	19	19	20	3.073170e+01	
2018	7	19	19	20	4.079440e+01	
2018	7	19	19	20	5.086741e+01	
2018	7	19	19	21	9.368800e-01	
2018	7	19	19	21	1.101205e+01	
2018	7	19	19	21	2.108921e+01	
2018	7	19	19	21	3.115834e+01	
2018	7	19	19	21	4.122790e+01	
2018	7	19	19	21	5.129665e+01	
2018	7	19	19	22	1.359413e+00	
2018	7	19	19	22	1.142099e+01	
2018	7	19	19	22	2.148375e+01	
2018	7	19	19	22	3.154357e+01	
2018	7	19	19	22	4.161459e+01	
2018	7	19	19	22	5.167057e+01	
2018	7	19	19	23	1.739865e+00	
2018	7	19	19	23	1.181562e+01	
2018	7	19	19	23	2.188796e+01	
2018	7	19	19	23	3.196152e+01	
2018	7	19	19	23	4.203209e+01	
2018	7	19	19	23	5.210839e+01	
2018	7	19	19	24	2.168652e+00	
2018	7	19	19	24	1.224158e+01	
2018	7	19	19	24	2.232101e+01	
2018	7	19	19	24	3.238637e+01	
2018	7	19	19	24	4.244408e+01	
2018	7	19	19	24	5.251000e+01	
2018	7	19	19	25	2.572259e+00	
2018	7	19	19	25	1.264279e+01	
2018	7	19	19	25	2.270608e+01	
2018	7	19	19	25	3.277284e+01	
2018	7	19	19	25	4.283787e+01	
2018	7	19	19	25	5.292221e+01	
2018	7	19	19	26	2.975426e+00	
2018	7	19	19	26	1.304542e+01	
2018	7	19	19	26	2.311973e+01	
2018	7	19	19	26	3.317562e+01	
2018	7	19	19	26	4.324567e+01	
2018	7	19	19	26	5.330565e+01	
2018	7	19	19	27	3.379794e+00	
2018	7	19	19	27	1.345102e+01	
2018	7	19	19	27	2.351410e+01	
2018	7	19	19	27	3.358225e+01	
2018	7	19	19	27	4.364302e+01	
2018	7	19	19	27	5.372033e+01	
2018	7	19	19	28	3.790316e+00	
2018	7	19	19	28	1.386684e+01	
2018	7	19	19	28	2.392649e+01	
2018	7	19	19	28	3.398494e+01	
2018	7	19	19	28	4.405008e+01	
2018	7	19	19	28	5.411805e+01	
2018	7	19	19	29	4.177455e+00	
2018	7	19	19	29	1.424600e+01	
2018	7	19	19	29	2.431301e+01	
2018	7	19	19	29	3.439979e+01	
2018	7	19	19	29	4.446976e+01	
2018	7	19	19	29	5.455249e+01	
2018	7	19	19	30	4.625921e+00	
2018	7	19	19	30	1.469004e+01	
2018	7	19	19	30	2.476394e+01	
2018	7	19	19	30	3.483014e+01	
2018	7	19	19	30	4.489725e+01	
2018	7	19	19	30	5.497111e+01	
2018	7	19	19	31	5.047007e+00	
2018	7	19	19	31	1.511344e+01	
2018	7	19	19	31	2.517757e+01	
2018	7	19	19	31	3.524316e+01	
2018	7	19	19	31	4.530759e+01	
2018	7	19	19	31	5.535886e+01	
2018	7	19	19	32	5.423550e+00	
2018	7	19	19	32	1.549932e+01	
2018	7	19	19	32	2.556437e+01	
2018	7	19	19	32	3.563611e+01	
2018	7	19	19	32	4.570704e+01	
2018	7	19	19	32	5.577898e+01	
2018	7	19	19	33	5.861106e+00	
2018	7	19	19	33	1.591448e+01	
2018	7	19	19	33	2.597432e+01	
2018	7	19	19	33	3.602733e+01	
2018	7	19	19	33	4.608408e+01	
2018	7	19	19	33	5.614560e+01	
2018	7	19	19	34	6.210972e+00	
2018	7	19	19	34	1.626936e+01	
2018	7	19	19	34	2.632028e+01	
2018	7	19	19	34	3.638751e+01	
2018	7	19	19	34	4.644665e+01	
2018	7	19	19	34	5.652093e+01	
2018	7	19	19	35	6.580248e+00	
2018	7	19	19	35	1.665288e+01	
2018	7	19	19	35	2.670632e+01	
2018	7	19	19	35	3.675836e+01	
2018	7	19	19	35	4.682472e+01	
2018	7	19	19	35	5.690203e+01	
2018	7	19	19	36	6.964222e+00	
2018	7	19	19	36	1.703020e+01	
2018	7	19	19	36	2.710352e+01	
2018	7	19	19	36	3.717405e+01	
2018	7	19	19	36	4.724197e+01	
2018	7	19	19	36	5.731385e+01	
2018	7	19	19	37	7.368612e+00	
2018	7	19	19	37	1.742577e+01	
2018	7	19	19	37	2.749468e+01	
2018	7	19	19	37	3.755000e+01	
2018	7	19	19	37	4.761207e+01	
2018	7	19	19	37	5.766606e+01	
2018	7	19	19	38	7.734134e+00	
2018	7	19	19	38	1.779103e+01	
2018	7	19	19	38	2.785984e+01	
2018	7	19	19	38	3.791978e+01	
2018	7	19	19	38	4.798924e+01	
2018	7	19	19	38	5.804340e+01	
2018	7	19	19	39	8.096838e+00	
2018	7	19	19	39	1.815083e+01	
2018	7	19	19	39	2.820278e+01	
2018	7	19	19	39	3.826056e+01	
2018	7	19	19	39	4.833155e+01	
2018	7	19	19	39	5.839464e+01	
2018	7	19	19	40	8.453668e+00	
2018	7	19	19	40	1.851377e+01	
2018	7	19	19	40	2.856893e+01	
2018	7	19	19	40	3.864921e+01	
2018	7	19	19	40	4.871303e+01	
2018	7	19	19	40	5.876725e+01	
2018	7	19	19	41	8.831705e+00	
2018	7	19	19	41	1.891723e+01	
2018	7	19	19	41	2.898911e+01	
2018	7	19	19	41	3.904527e+01	
2018	7	19	19	41	4.913348e+01	
2018	7	19	19	41	5.920016e+01	
2018	7	19	19	42	9.257006e+00	
2018	7	19	19	42	1.931298e+01	
2018	7	19	19	42	2.937104e+01	
2018	7	19	19	42	3.943055e+01	
2018	7	19	19	42	4.949605e+01	
2018	7	19	19	42	5.955299e+01	
2018	7	19	19	43	9.605905e+00	
2018	7	19	19	43	1.967363e+01	
2018	7	19	19	43	2.973600e+01	
2018	7	19	19	43	3.980050e+01	
2018	7	19	19	43	4.986672e+01	
2018	7	19	19	43	5.993015e+01	
2018	7	19	19	44	9.994082e+00	
2018	7	19	19	44	2.004894e+01	
2018	7	19	19	44	3.014861e+01	
2018	7	19	19	44	4.021311e+01	
2018	7	19	19	44	5.027078e+01	
2018	7	19	19	45	3.478580e-01	
2018	7	19	19	45	1.040058e+01	
2018	7	19	19	45	2.047188e+01	
2018	7	19	19	45	3.052363e+01	
2018	7	19	19	45	4.059536e+01	
2018	7	19	19	45	5.066414e+01	
2018	7	19	19	46	7.245790e-01	
2018	7	19	19	46	1.079443e+01	
2018	7	19	19	46	2.085244e+01	
2018	7	19	19	46	3.095881e+01	
2018	7	19	19	46	4.101775e+01	
2018	7	19	19	46	5.108042e+01	
2018	7	19	19	47	1.154561e+00	
2018	7	19	19	47	1.122486e+01	
2018	7	19	19	47	2.128439e+01	
2018	7	19	19	47	3.135458e+01	
2018	7	19	19	47	4.141211e+01	
2018	7	19	19	47	5.148355e+01	
2018	7	19	19	48	1.553373e+00	
2018	7	19	19	48	1.161238e+01	
2018	7	19	19	48	2.167600e+01	
2018	7	19	19	48	3.173536e+01	
2018	7	19	19	48	4.179621e+01	
2018	7	19	19	48	5.186534e+01	
2018	7	19	19	49	1.920795e+00	
2018	7	19	19	49	1.200812e+01	
2018	7	19	19	49	2.207159e+01	
2018	7	19	19	49	3.214815e+01	
2018	7	19	19	49	4.222127e+01	
2018	7	19	19	49	5.228222e+01	
2018	7	19	19	50	2.345577e+00	
2018	7	19	19	50	1.239834e+01	
2018	7	19	19	50	2.245466e+01	
2018	7	19	19	50	3.252927e+01	
2018	7	19	19	50	4.258664e+01	
2018	7	19	19	50	5.264347e+01	
2018	7	19	19	51	2.700984e+00	
2018	7	19	19	51	1.275540e+01	
2018	7	19	19	51	2.281524e+01	
2018	7	19	19	51	3.288721e+01	
2018	7	19	19	51	4.296521e+01	
2018	7	19	19	51	5.302804e+01	
2018	7	19	19	52	3.090115e+00	
2018	7	19	19	52	1.315278e+01	
2018	7	19	19	52	2.321071e+01	
2018	7	19	19	52	3.326409e+01	
2018	7	19	19	52	4.334106e+01	
2018	7	19	19	52	5.340704e+01	
2018	7	19	19	53	3.469179e+00	
2018	7	19	19	53	1.353459e+01	
2018	7	19	19	53	2.360233e+01	
2018	7	19	19	53	3.366922e+01	
2018	7	19	19	53	4.374236e+01	
2018	7	19	19	53	5.380804e+01	
2018	7	19	19	54	3.881071e+00	
2018	7	19	19	54	1.395429e+01	
2018	7	19	19	54	2.402484e+01	
2018	7	19	19	54	3.409374e+01	
2018	7	19	19	54	4.414926e+01	
2018	7	19	19	54	5.421669e+01	
2018	7	19	19	55	4.288449e+00	
2018	7	19	19	55	1.435246e+01	
2018	7	19	19	55	2.441918e+01	
2018	7	19	19	55	3.447653e+01	
2018	7	19	19	55	4.454878e+01	
2018	7	19	19	55	5.461494e+01	
2018	7	19	19	56	4.675189e+00	
2018	7	19	19	56	1.473864e+01	
2018	7	19	19	56	2.479943e+01	
2018	7	19	19	56	3.487589e+01	
2018	7	19	19	56	4.494076e+01	
2018	7	19	19	56	5.501539e+01	
2018	7	19	19	57	5.081787e+00	
2018	7	19	19	57	1.515054e+01	
2018	7	19	19	57	2.521071e+01	
2018	7	19	19	57	3.527169e+01	
2018	7	19	19	57	4.532838e+01	
2018	7	19	19	57	5.539835e+01	
2018	7	19	19	58	5.471275e+00	
2018	7	19	19	58	1.554109e+01	
2018	7	19	19	58	2.560962e+01	
2018	7	19	19	58	3.566839e+01	
2018	7	19	19	58	4.573117e+01	
2018	7	19	19	58	5.579855e+01	
2018	7	19	19	59	5.875764e+00	
2018	7	19	19	59	1.593938e+01	
2018	7	19	19	59	2.599956e+01	
2018	7	19	19	59	3.607793e+01	
2018	7	19	19	59	4.614558e+01	
2018	7	19	19	59	5.620423e+01	
2018	7	19	20	0	6.263452e+00	
2018	7	19	20	0	1.632140e+01	
2018	7	19	20	0	2.638850e+01	
2018	7	19	20	0	3.644224e+01	
2018	7	19	20	0	4.649909e+01	
2018	7	19	20	0	5.655540e+01	
2018	7	19	20	1	6.617291e+00	
2018	7	19	20	1	1.668765e+01	
2018	7	19	20	1	2.674494e+01	
2018	7	19	20	1	3.679807e+01	
2018	7	19	20	1	4.688012e+01	
2018	7	19	20	1	5.693997e+01	
2018	7	19	20	2	7.003934e+00	
2018	7	19	20	2	1.706217e+01	
2018	7	19	20	2	2.712003e+01	
2018	7	19	20	2	3.719040e+01	
2018	7	19	20	2	4.725100e+01	
2018	7	19	20	2	5.732530e+01	
2018	7	19	20	3	7.387261e+00	
2018	7	19	20	3	1.744145e+01	
2018	7	19	20	3	2.750808e+01	
2018	7	19	20	3	3.757682e+01	
2018	7	19	20	3	4.763413e+01	
2018	7	19	20	3	5.768590e+01	
2018	7	19	20	4	7.757808e+00	
2018	7	19	20	4	1.781301e+01	
2018	7	19	20	4	2.788934e+01	
2018	7	19	20	4	3.794916e+01	
2018	7	19	20	4	4.802338e+01	
2018	7	19	20	4	5.809188e+01	
2018	7	19	20	5	8.160912e+00	
2018	7	19	20	5	1.822621e+01	
2018	7	19	20	5	2.829452e+01	
2018	7	19	20	5	3.834635e+01	
2018	7	19	20	5	4.841887e+01	
2018	7	19	20	5	5.848353e+01	
2018	7	19	20	6	8.540027e+00	
2018	7	19	20	6	1.861149e+01	
2018	7	19	20	6	2.867008e+01	
2018	7	19	20	6	3.873593e+01	
2018	7	19	20	6	4.882463e+01	
2018	7	19	20	6	5.889660e+01	
2018	7	19	20	7	8.960163e+00	
2018	7	19	20	7	1.902144e+01	
2018	7	19	20	7	2.907883e+01	
2018	7	19	20	7	3.915572e+01	
2018	7	19	20	7	4.921232e+01	
2018	7	19	20	7	5.927787e+01	
2018	7	19	20	8	9.330459e+00	
2018	7	19	20	8	1.938239e+01	
2018	7	19	20	8	2.944840e+01	
2018	7	19	20	8	3.951459e+01	
2018	7	19	20	8	4.958034e+01	
2018	7	19	20	8	5.964708e+01	
2018	7	19	20	9	9.706127e+00	
2018	7	19	20	9	1.975689e+01	
2018	7	19	20	9	2.984089e+01	
2018	7	19	20	9	3.991000e+01	
2018	7	19	20	9	4.996926e+01	
2018	7	19	20	10	3.483500e-02	
2018	7	19	20	10	1.009426e+01	
2018	7	19	20	10	2.015853e+01	
2018	7	19	20	10	3.021746e+01	
2018	7	19	20	10	4.028224e+01	
2018	7	19	20	10	5.033697e+01	
2018	7	19	20	11	4.059500e-01	
2018	7	19	20	11	1.047843e+01	
2018	7	19	20	11	2.053829e+01	
2018	7	19	20	11	3.059014e+01	
2018	7	19	20	11	4.066007e+01	
2018	7	19	20	11	5.077932e+01	
2018	7	19	20	12	8.409900e-01	
2018	7	19	20	12	1.095824e+01	
2018	7	19	20	12	2.104476e+01	
2018	7	19	20	12	3.111666e+01	
2018	7	19	20	12	4.121171e+01	
2018	7	19	20	12	4.634344e+01	
